{
  "camera_angle_x": 0.7042729406554318,
  "camera_angle_y": 1.1639230012593067,
  "fl_x": 1469.5815630825375,
  "fl_y": 1459.0208327043333,
  "k1": 0.035987453674378014,
  "k2": -0.036454596905121636,
  "k3": 0,
  "k4": 0,
  "p1": -0.0010688544237924989,
  "p2": 0.001960283516836556,
  "is_fisheye": false,
  "cx": 548.7495657362465,
  "cy": 927.9328335989078,
  "w": 1080.0,
  "h": 1920.0,
  "aabb_scale": 16,
  "frames": [
    {
      "file_path": "./rails\\images/0009.jpg",
      "sharpness": 200.89123984276392,
      "transform_matrix": [
        [
          0.6441443359160242,
          0.6762834338038787,
          -0.35737765978858377,
          -1.3003893393112702
        ],
        [
          -0.6616099796570666,
          0.2581355484282704,
          -0.7040158190568762,
          -2.723035563135529
        ],
        [
          -0.3838623573584963,
          0.6899324284633823,
          0.613712420300042,
          2.22431229776208
        ],
        [
          0.0,
          0.0,
          0.0,
          1.0
        ]
      ]
    },
    {
      "file_path": "./rails\\images/0006.jpg",
      "sharpness": 209.77260460433902,
      "transform_matrix": [
        [
          0.308020445601872,
          0.833984359547581,
          -0.4578138193277485,
          -1.7488802249468811
        ],
        [
          -0.8347497569628168,
          0.006054596537436174,
          -0.5505962087935216,
          -2.1750062694595576
        ],
        [
          -0.4564167485946991,
          0.551754863997339,
          0.6980331809665344,
          2.6125969518781083
        ],
        [
          0.0,
          0.0,
          0.0,
          1.0
        ]
      ]
    },
    {
      "file_path": "./rails\\images/0010.jpg",
      "sharpness": 197.45127215892575,
      "transform_matrix": [
        [
          0.7783453259384925,
          0.5551429686748173,
          -0.2932487646467382,
          -0.966912298882631
        ],
        [
          -0.5388426784920807,
          0.3509548204426879,
          -0.7658193532877277,
          -2.7773326847255517
        ],
        [
          -0.32222216171114193,
          0.754086863951484,
          0.5722987682939326,
          2.188079402168508
        ],
        [
          0.0,
          0.0,
          0.0,
          1.0
        ]
      ]
    },
    {
      "file_path": "./rails\\images/0003.jpg",
      "sharpness": 263.4619133330639,
      "transform_matrix": [
        [
          0.21361896341420308,
          0.8310057951075258,
          -0.5136110464288858,
          -1.98287274964141
        ],
        [
          -0.9001296417166738,
          -0.03688550563658477,
          -0.43405770077658756,
          -1.570436557579314
        ],
        [
          -0.3796492679044576,
          0.5550394833056062,
          0.7401335051355212,
          2.944891679254216
        ],
        [
          0.0,
          0.0,
          0.0,
          1.0
        ]
      ]
    },
    {
      "file_path": "./rails\\images/0007.jpg",
      "sharpness": 326.6685116028752,
      "transform_matrix": [
        [
          0.48876119698057274,
          0.7632649515117327,
          -0.42253888124779204,
          -1.7343315705184275
        ],
        [
          -0.7591954993855023,
          0.1335028158659552,
          -0.6370236980640289,
          -2.571466424401481
        ],
        [
          -0.42980773155523505,
          0.6321420821294743,
          0.6447183121093223,
          2.440542862886841
        ],
        [
          0.0,
          0.0,
          0.0,
          1.0
        ]
      ]
    },
    {
      "file_path": "./rails\\images/0011.jpg",
      "sharpness": 333.85899775141917,
      "transform_matrix": [
        [
          0.8763744718702207,
          0.43439020008103835,
          -0.20802148728910658,
          -0.7437958325420501
        ],
        [
          -0.39633632583040146,
          0.4050356474549715,
          -0.8239318182619855,
          -3.0308448784018975
        ],
        [
          -0.27365178959926806,
          0.8045192840523586,
          0.5271275175038158,
          1.9730872164787374
        ],
        [
          0.0,
          0.0,
          0.0,
          1.0
        ]
      ]
    },
    {
      "file_path": "./rails\\images/0005.jpg",
      "sharpness": 349.9191737944985,
      "transform_matrix": [
        [
          0.07678739554976724,
          0.8782807943619331,
          -0.4719391297464967,
          -1.7889404082786848
        ],
        [
          -0.9169426178141077,
          -0.12368274678566077,
          -0.3793663319408795,
          -1.84450861554224
        ],
        [
          -0.39156089125388943,
          0.4618716536676731,
          0.7958358147579729,
          2.752258108010269
        ],
        [
          0.0,
          0.0,
          0.0,
          1.0
        ]
      ]
    },
    {
      "file_path": "./rails\\images/0012.jpg",
      "sharpness": 507.38430441094846,
      "transform_matrix": [
        [
          0.9337917316587163,
          0.3334279814132718,
          -0.1298413768515729,
          -0.5886725932037397
        ],
        [
          -0.27279519796080753,
          0.42856554281281223,
          -0.8613445045448399,
          -3.461828205007212
        ],
        [
          -0.2315508193018435,
          0.8397364805553738,
          0.49114851254773967,
          1.8881713987175006
        ],
        [
          0.0,
          0.0,
          0.0,
          1.0
        ]
      ]
    },
    {
      "file_path": "./rails\\images/0008.jpg",
      "sharpness": 406.1772241957945,
      "transform_matrix": [
        [
          0.5400389393815562,
          0.7396397046601396,
          -0.40161057168372705,
          -1.667464067613733
        ],
        [
          -0.7197756837426925,
          0.1585578372229971,
          -0.675856772825735,
          -2.7049986386811655
        ],
        [
          -0.4362120001933186,
          0.6540584986025999,
          0.6180020803895361,
          2.4110745213991556
        ],
        [
          0.0,
          0.0,
          0.0,
          1.0
        ]
      ]
    },
    {
      "file_path": "./rails\\images/0004.jpg",
      "sharpness": 295.7430809853446,
      "transform_matrix": [
        [
          0.16656333652278407,
          0.8578523085149261,
          -0.48615437028605946,
          -1.9205030879500649
        ],
        [
          -0.901000701666006,
          -0.06787984068927344,
          -0.42847410989682433,
          -1.7624388584892774
        ],
        [
          -0.4005675855192808,
          0.5093935061037798,
          0.7616192391499111,
          2.8332522282264274
        ],
        [
          0.0,
          0.0,
          0.0,
          1.0
        ]
      ]
    },
    {
      "file_path": "./rails\\images/0002.jpg",
      "sharpness": 443.1271354073641,
      "transform_matrix": [
        [
          -0.0862455975710818,
          0.8675847843124518,
          -0.4897533450374274,
          -1.9722850795264821
        ],
        [
          -0.915809844604126,
          -0.2625809461805625,
          -0.30388085700747824,
          -1.068282295773476
        ],
        [
          -0.39224230451853903,
          0.42231254871005475,
          0.8171891371162131,
          3.0240643322002096
        ],
        [
          0.0,
          0.0,
          0.0,
          1.0
        ]
      ]
    },
    {
      "file_path": "./rails\\images/0001.jpg",
      "sharpness": 651.6777224051772,
      "transform_matrix": [
        [
          -0.20578707935111,
          0.8552677583156366,
          -0.4755720130580763,
          -1.983130838282948
        ],
        [
          -0.9053944552465322,
          -0.3508200097219149,
          -0.23913636531080523,
          -0.8794634711042402
        ],
        [
          -0.3713658013356266,
          0.38136908950926285,
          0.8465489113087096,
          3.0835858794073636
        ],
        [
          0.0,
          0.0,
          0.0,
          1.0
        ]
      ]
    },
    {
      "file_path": "./rails\\images/0015.jpg",
      "sharpness": 269.5637055764196,
      "transform_matrix": [
        [
          0.9859424285520683,
          0.16476479054892287,
          0.027750521120234253,
          0.018433002074295404
        ],
        [
          -0.037178172865567086,
          0.37825728954173693,
          -0.9249536239171284,
          -4.143979243957937
        ],
        [
          -0.16289662701448326,
          0.9109193085915723,
          0.37906556453348994,
          1.6076741268942893
        ],
        [
          0.0,
          0.0,
          0.0,
          1.0
        ]
      ]
    },
    {
      "file_path": "./rails\\images/0014.jpg",
      "sharpness": 321.7788000952451,
      "transform_matrix": [
        [
          0.9721798462741993,
          0.22377838878740514,
          -0.06920678620057615,
          -0.3725536473212123
        ],
        [
          -0.14579145961156004,
          0.34683226116050697,
          -0.9265269736759598,
          -4.020103005297929
        ],
        [
          -0.18333356719167923,
          0.9108406092124008,
          0.36980831226879385,
          1.6937285638601274
        ],
        [
          0.0,
          0.0,
          0.0,
          1.0
        ]
      ]
    },
    {
      "file_path": "./rails\\images/0013.jpg",
      "sharpness": 137.3848421856727,
      "transform_matrix": [
        [
          0.9250753540301742,
          0.35645028047924204,
          -0.13106787157211114,
          -0.6638558350571654
        ],
        [
          -0.28124553010425646,
          0.41104895371888545,
          -0.8671445724154062,
          -3.716717320357385
        ],
        [
          -0.2552186145776466,
          0.8390363253424608,
          0.4805013044744257,
          1.7860807102178056
        ],
        [
          0.0,
          0.0,
          0.0,
          1.0
        ]
      ]
    },
    {
      "file_path": "./rails\\images/0016.jpg",
      "sharpness": 445.4696619871872,
      "transform_matrix": [
        [
          0.9886957059911259,
          0.06163933681175397,
          0.13667989302871703,
          0.38339477632769936
        ],
        [
          0.1050441911699367,
          0.36571219962251805,
          -0.9247812200597638,
          -3.929606418645517
        ],
        [
          -0.10698840542415114,
          0.9286846500667182,
          0.3551032271157112,
          1.5806710411607252
        ],
        [
          0.0,
          0.0,
          0.0,
          1.0
        ]
      ]
    },
    {
      "file_path": "./rails\\images/0018.jpg",
      "sharpness": 498.94670764640586,
      "transform_matrix": [
        [
          0.9529575030407034,
          -0.07680570356657268,
          0.2932113254025108,
          1.2985711646335127
        ],
        [
          0.29985748307784277,
          0.3800944403802173,
          -0.8749935464109339,
          -3.670755879061086
        ],
        [
          -0.044243499693706695,
          0.9217532752096085,
          0.3852446137818806,
          1.5145762155643483
        ],
        [
          0.0,
          0.0,
          0.0,
          1.0
        ]
      ]
    },
    {
      "file_path": "./rails\\images/0020.jpg",
      "sharpness": 268.0249603546842,
      "transform_matrix": [
        [
          0.9394479305426925,
          -0.13577713409330744,
          0.314646080068838,
          1.4339366180283344
        ],
        [
          0.3421951326619266,
          0.32226857591053387,
          -0.8826355171811266,
          -3.5143379277072198
        ],
        [
          0.01844117683220159,
          0.9368604671499999,
          0.3492168211316072,
          1.6350695745800885
        ],
        [
          0.0,
          0.0,
          0.0,
          1.0
        ]
      ]
    },
    {
      "file_path": "./rails\\images/0019.jpg",
      "sharpness": 347.5999276217097,
      "transform_matrix": [
        [
          0.9584859597019356,
          -0.018100482927930817,
          0.28456464576306845,
          1.3752913777331384
        ],
        [
          0.2701905806847032,
          0.3765503962833969,
          -0.8861189813984304,
          -3.582344014802322
        ],
        [
          -0.09111374863541033,
          0.9262192891768365,
          0.3658088479508071,
          1.532193614483568
        ],
        [
          0.0,
          0.0,
          0.0,
          1.0
        ]
      ]
    },
    {
      "file_path": "./rails\\images/0017.jpg",
      "sharpness": 456.33508485681165,
      "transform_matrix": [
        [
          0.9763474992215768,
          0.05256797516188581,
          0.20971926186542278,
          0.8550455990351323
        ],
        [
          0.17467477493200978,
          0.37984396706172363,
          -0.9084092049928689,
          -3.7408118646806177
        ],
        [
          -0.12741382892111225,
          0.9235557204298981,
          0.36167740810508303,
          1.5610023078248885
        ],
        [
          0.0,
          0.0,
          0.0,
          1.0
        ]
      ]
    },
    {
      "file_path": "./rails\\images/0022.jpg",
      "sharpness": 257.8189843749992,
      "transform_matrix": [
        [
          0.6845139532456562,
          -0.4396783202614408,
          0.5814839830556875,
          2.3261151055585945
        ],
        [
          0.6879725602586112,
          0.12579816831522256,
          -0.7147507098326374,
          -2.9963922603905373
        ],
        [
          0.24111077153184104,
          0.8893018585448735,
          0.3885972211849843,
          1.6713736262750376
        ],
        [
          0.0,
          0.0,
          0.0,
          1.0
        ]
      ]
    },
    {
      "file_path": "./rails\\images/0021.jpg",
      "sharpness": 278.8356347963128,
      "transform_matrix": [
        [
          0.8685375424262068,
          -0.2616435268265823,
          0.4209337267459306,
          1.7420339009908277
        ],
        [
          0.485797731634571,
          0.28114345640185723,
          -0.8276224506909142,
          -3.2479099647511056
        ],
        [
          0.09819929402616434,
          0.9233098190015007,
          0.3712894785217013,
          1.585168148281829
        ],
        [
          0.0,
          0.0,
          0.0,
          1.0
        ]
      ]
    },
    {
      "file_path": "./rails\\images/0024.jpg",
      "sharpness": 210.14299251876614,
      "transform_matrix": [
        [
          0.6696066536897801,
          -0.43811964101530476,
          0.5997316979593632,
          2.5983524411714636
        ],
        [
          0.7117417809886073,
          0.14775996270960534,
          -0.6867245667964221,
          -2.659948654751899
        ],
        [
          0.2122511873549955,
          0.8866894460000347,
          0.41076910776162784,
          1.747412342819955
        ],
        [
          0.0,
          0.0,
          0.0,
          1.0
        ]
      ]
    },
    {
      "file_path": "./rails\\images/0023.jpg",
      "sharpness": 200.80578427904956,
      "transform_matrix": [
        [
          0.7327493917371041,
          -0.3903110533609145,
          0.5574366426594353,
          2.5561820851249433
        ],
        [
          0.6401481502333244,
          0.11747887595241335,
          -0.7592160822086971,
          -2.803245917465653
        ],
        [
          0.23084339858110559,
          0.9131571581061617,
          0.3359394737206995,
          1.763847160450805
        ],
        [
          0.0,
          0.0,
          0.0,
          1.0
        ]
      ]
    },
    {
      "file_path": "./rails\\images/0026.jpg",
      "sharpness": 373.4863831633838,
      "transform_matrix": [
        [
          0.4732914830045342,
          -0.5852347386132799,
          0.6584037309142773,
          2.6801764579907377
        ],
        [
          0.8166765606143693,
          0.011341625005401923,
          -0.5769841964142809,
          -2.0824698133524664
        ],
        [
          0.3302038271543178,
          0.8107846004498351,
          0.48331538800123075,
          1.9210641721875519
        ],
        [
          0.0,
          0.0,
          0.0,
          1.0
        ]
      ]
    },
    {
      "file_path": "./rails\\images/0025.jpg",
      "sharpness": 382.74703430044946,
      "transform_matrix": [
        [
          0.5749112235790395,
          -0.5387634762385678,
          0.6158011056505269,
          2.6402918283027432
        ],
        [
          0.7687141597495797,
          0.09784810649460451,
          -0.6320635163355265,
          -2.288860647908318
        ],
        [
          0.2802777650993131,
          0.8367554390591345,
          0.47040908757019867,
          1.8167772506978652
        ],
        [
          0.0,
          0.0,
          0.0,
          1.0
        ]
      ]
    },
    {
      "file_path": "./rails\\images/0027.jpg",
      "sharpness": 285.6947473329373,
      "transform_matrix": [
        [
          0.3401400838808423,
          -0.6291873396846288,
          0.6988762515383812,
          2.8475088692412607
        ],
        [
          0.8586596964448622,
          -0.0952130872360959,
          -0.5036248541788827,
          -1.896630901412526
        ],
        [
          0.38341654770482986,
          0.7713998701433518,
          0.507872022621514,
          2.0257153025236248
        ],
        [
          0.0,
          0.0,
          0.0,
          1.0
        ]
      ]
    },
    {
      "file_path": "./rails\\images/0029.jpg",
      "sharpness": 349.91507812258055,
      "transform_matrix": [
        [
          0.24257988989251597,
          -0.6409280828618047,
          0.7282624455957153,
          2.8549396863673167
        ],
        [
          0.8894340415103064,
          -0.15282000765938844,
          -0.4307587852709908,
          -1.6208036142918711
        ],
        [
          0.38737847493359806,
          0.7522348289676476,
          0.5329921944258392,
          2.1617749039990795
        ],
        [
          0.0,
          0.0,
          0.0,
          1.0
        ]
      ]
    },
    {
      "file_path": "./rails\\images/0031.jpg",
      "sharpness": 197.44324885108026,
      "transform_matrix": [
        [
          -0.12965832812524228,
          -0.6584489694046444,
          0.7413728297448959,
          2.921579761301047
        ],
        [
          0.8590925980136235,
          -0.44794631928069006,
          -0.24759645213047196,
          -1.1081342251344308
        ],
        [
          0.49512485903249137,
          0.6048049683692757,
          0.6237486066330191,
          2.3798481491925583
        ],
        [
          0.0,
          0.0,
          0.0,
          1.0
        ]
      ]
    },
    {
      "file_path": "./rails\\images/0032.jpg",
      "sharpness": 186.71939954675992,
      "transform_matrix": [
        [
          -0.13023058605726415,
          -0.6031215762339064,
          0.7869462235645681,
          3.0365740695766106
        ],
        [
          0.8759592802929748,
          -0.44181063813386084,
          -0.19364580895768546,
          -0.8799247219125628
        ],
        [
          0.464473178739743,
          0.6641142404348012,
          0.5858472001775237,
          2.491852082779997
        ],
        [
          0.0,
          0.0,
          0.0,
          1.0
        ]
      ]
    },
    {
      "file_path": "./rails\\images/0030.jpg",
      "sharpness": 306.55934645898157,
      "transform_matrix": [
        [
          0.14189634594997458,
          -0.6779660835881919,
          0.7212679228666414,
          2.8027696619609364
        ],
        [
          0.8971661075120635,
          -0.21980973653232436,
          -0.3831144153953944,
          -1.5074892602233376
        ],
        [
          0.4182802918663285,
          0.7014596704569432,
          0.5770579938198528,
          2.1861145669596986
        ],
        [
          0.0,
          0.0,
          0.0,
          1.0
        ]
      ]
    },
    {
      "file_path": "./rails\\images/0028.jpg",
      "sharpness": 276.19931902661745,
      "transform_matrix": [
        [
          0.24979864381734224,
          -0.6605385433729843,
          0.7080179872799407,
          2.9535644122677236
        ],
        [
          0.8843193367884922,
          -0.14222880613410788,
          -0.4446912156925748,
          -1.6851198079391023
        ],
        [
          0.39443624091663493,
          0.7371972595432106,
          0.5485984437147743,
          2.102602440107341
        ],
        [
          0.0,
          0.0,
          0.0,
          1.0
        ]
      ]
    },
    {
      "file_path": "./rails\\images/0034.jpg",
      "sharpness": 220.25500890198805,
      "transform_matrix": [
        [
          -0.3937933810143378,
          -0.5525318946170164,
          0.7345987194015875,
          2.948954516404589
        ],
        [
          0.788489480942217,
          -0.6138106230540018,
          -0.038998172983404744,
          -0.32189975871279286
        ],
        [
          0.4724522320556831,
          0.5638661405692581,
          0.6773801473455436,
          2.7292296319583556
        ],
        [
          0.0,
          0.0,
          0.0,
          1.0
        ]
      ]
    },
    {
      "file_path": "./rails\\images/0033.jpg",
      "sharpness": 323.67924806397116,
      "transform_matrix": [
        [
          -0.2471522108895312,
          -0.6054350150699643,
          0.7565475710263527,
          3.0989441581878743
        ],
        [
          0.8543477048363681,
          -0.5045308404870704,
          -0.12465404231212435,
          -0.6649021007727293
        ],
        [
          0.45717150386415034,
          0.6155461587521349,
          0.6419479282409286,
          2.525083027918469
        ],
        [
          0.0,
          0.0,
          0.0,
          1.0
        ]
      ]
    },
    {
      "file_path": "./rails\\images/0036.jpg",
      "sharpness": 493.2461775312174,
      "transform_matrix": [
        [
          -0.4312646677584382,
          -0.5157837787076323,
          0.7402552802996446,
          2.851083131461645
        ],
        [
          0.7329173946101502,
          -0.6787641425946388,
          -0.04594922667626461,
          -0.03247209994164078
        ],
        [
          0.5261586063975198,
          0.5227296934073256,
          0.6707538957149941,
          2.905934041504387
        ],
        [
          0.0,
          0.0,
          0.0,
          1.0
        ]
      ]
    },
    {
      "file_path": "./rails\\images/0035.jpg",
      "sharpness": 482.089991385039,
      "transform_matrix": [
        [
          -0.4801902487621756,
          -0.5322504936059204,
          0.697227894663,
          2.8434302193289955
        ],
        [
          0.7375324358491018,
          -0.6752696224331376,
          -0.007539437380249869,
          -0.09555763915677919
        ],
        [
          0.47482968644608436,
          0.5106078231815943,
          0.7168098910087699,
          2.8495056728799293
        ],
        [
          0.0,
          0.0,
          0.0,
          1.0
        ]
      ]
    },
    {
      "file_path": "./rails\\images/0037.jpg",
      "sharpness": 517.8235479254054,
      "transform_matrix": [
        [
          -0.464480329307708,
          -0.5246999591584384,
          0.7134058989043768,
          2.872537661173012
        ],
        [
          0.743462497095337,
          -0.6687322139201066,
          -0.0077936836471154125,
          -0.0007868822496570872
        ],
        [
          0.4811668516893228,
          0.5267705182950592,
          0.7007077008020374,
          2.9105168807984994
        ],
        [
          0.0,
          0.0,
          0.0,
          1.0
        ]
      ]
    }
  ]
}