{
  "camera_angle_x": 1.1488258559608038,
  "camera_angle_y": 0.7045536301500618,
  "fl_x": 1483.2847918205393,
  "fl_y": 1468.9447269331674,
  "k1": 0.04518969895683271,
  "k2": -0.04773376125999501,
  "k3": 0,
  "k4": 0,
  "p1": 0.00047142068888980675,
  "p2": 0.0011801757234023867,
  "is_fisheye": false,
  "cx": 983.6637283017163,
  "cy": 541.4256184890063,
  "w": 1920.0,
  "h": 1080.0,
  "aabb_scale": 16,
  "frames": [
    {
      "file_path": "./images/0010.jpg",
      "sharpness": 589.3690423854634,
      "transform_matrix": [
        [
          -0.0982229064151644,
          0.23537857310395932,
          0.9669277056983386,
          4.058399200236588
        ],
        [
          0.9951481789498045,
          0.01767727078308399,
          0.09678644549190397,
          0.14534633564059385
        ],
        [
          0.005688812554392825,
          0.971742991479622,
          -0.23597287130201097,
          -1.1551997339529685
        ],
        [
          0.0,
          0.0,
          0.0,
          1.0
        ]
      ]
    },
    {
      "file_path": "./images/0012.jpg",
      "sharpness": 551.6228754770227,
      "transform_matrix": [
        [
          -0.10427134951073778,
          -0.010534141527580788,
          0.9944930958039062,
          4.188741592255908
        ],
        [
          0.994278345190241,
          0.02221777641461424,
          0.10448417438709776,
          0.232346972306996
        ],
        [
          -0.023196076328834844,
          0.9996976554648858,
          0.00815719127616291,
          -0.18203193167994355
        ],
        [
          0.0,
          0.0,
          0.0,
          1.0
        ]
      ]
    },
    {
      "file_path": "./images/0008.jpg",
      "sharpness": 362.4214368944708,
      "transform_matrix": [
        [
          -0.06874413613741359,
          0.44727137723068155,
          0.8917525211206533,
          3.849812716760698
        ],
        [
          0.9973322181459242,
          0.008814608552493802,
          0.0724620543774799,
          0.1755784579812484
        ],
        [
          0.024549753459001955,
          0.8943548612574033,
          -0.4466841074169887,
          -1.919640350030008
        ],
        [
          0.0,
          0.0,
          0.0,
          1.0
        ]
      ]
    },
    {
      "file_path": "./images/0009.jpg",
      "sharpness": 453.3169823627464,
      "transform_matrix": [
        [
          -0.08545317330357069,
          0.36634000228208563,
          0.9265488427322448,
          3.9657454180399476
        ],
        [
          0.9963372092318654,
          0.028479859194471373,
          0.08062917040828903,
          0.1327564172327434
        ],
        [
          0.0031497098935605317,
          0.9300451066570821,
          -0.3674318698471349,
          -1.5310224277562874
        ],
        [
          0.0,
          0.0,
          0.0,
          1.0
        ]
      ]
    },
    {
      "file_path": "./images/0005.jpg",
      "sharpness": 456.44995921846777,
      "transform_matrix": [
        [
          -0.013820386419720904,
          0.7238763150230739,
          0.6897913289799864,
          3.069640539558843
        ],
        [
          0.9894821294344722,
          -0.08944348737315717,
          0.11368807367863075,
          0.31749112527332224
        ],
        [
          0.14399344586029367,
          0.6841074061741041,
          -0.7150265340779854,
          -3.155580238627483
        ],
        [
          0.0,
          0.0,
          0.0,
          1.0
        ]
      ]
    },
    {
      "file_path": "./images/0007.jpg",
      "sharpness": 353.34763346201953,
      "transform_matrix": [
        [
          -0.04206615284519569,
          0.5629782956110766,
          0.8254004346520559,
          3.61944893499464
        ],
        [
          0.9976056525270977,
          -0.021722716690749946,
          0.06565885793984724,
          0.2036089138151118
        ],
        [
          0.054894451733113456,
          0.8261861547609527,
          -0.5607165388311554,
          -2.416037785422486
        ],
        [
          0.0,
          0.0,
          0.0,
          1.0
        ]
      ]
    },
    {
      "file_path": "./images/0006.jpg",
      "sharpness": 418.94865779764683,
      "transform_matrix": [
        [
          -0.022875911052013677,
          0.6388793220641263,
          0.768966777306129,
          3.36269739747881
        ],
        [
          0.9940742994544055,
          -0.06722373039032925,
          0.08542398513912258,
          0.26511715213036186
        ],
        [
          0.10626843303044622,
          0.7663642619400528,
          -0.6335557104398083,
          -2.810858879991203
        ],
        [
          0.0,
          0.0,
          0.0,
          1.0
        ]
      ]
    },
    {
      "file_path": "./images/0011.jpg",
      "sharpness": 373.7386906828515,
      "transform_matrix": [
        [
          -0.08794541410844402,
          0.11883556904188626,
          0.9890114821052062,
          4.131087765174823
        ],
        [
          0.9961211724478233,
          0.0076350541827099536,
          0.08766022900499854,
          0.20363308065069302
        ],
        [
          0.0028659969429555426,
          0.992884592259683,
          -0.11904609436434688,
          -0.6863988100613906
        ],
        [
          0.0,
          0.0,
          0.0,
          1.0
        ]
      ]
    },
    {
      "file_path": "./images/0001.jpg",
      "sharpness": 549.9269738379189,
      "transform_matrix": [
        [
          0.011734560817960815,
          0.7686399287223933,
          0.6395740458494189,
          2.8352287544356893
        ],
        [
          0.9799008275234027,
          -0.13622178316602923,
          0.14573261134840654,
          0.40938119928809463
        ],
        [
          0.199139820991687,
          0.6250090285993078,
          -0.7547894050218952,
          -3.3391510717631516
        ],
        [
          0.0,
          0.0,
          0.0,
          1.0
        ]
      ]
    },
    {
      "file_path": "./images/0004.jpg",
      "sharpness": 496.0349917085099,
      "transform_matrix": [
        [
          0.00975386450693333,
          0.7634860529591638,
          0.6457506555414158,
          2.864420025711554
        ],
        [
          0.983444539293091,
          -0.1241819022988308,
          0.1319685313870374,
          0.35788527812086135
        ],
        [
          0.18094667795935673,
          0.6337727527628105,
          -0.7520574430583616,
          -3.324261229825038
        ],
        [
          0.0,
          0.0,
          0.0,
          1.0
        ]
      ]
    },
    {
      "file_path": "./images/0003.jpg",
      "sharpness": 442.18303899328396,
      "transform_matrix": [
        [
          0.007231225934616552,
          0.7660323832329162,
          0.6427613066124407,
          2.869770728364206
        ],
        [
          0.9833060713594212,
          -0.12231724998680613,
          0.13471325244300916,
          0.35904067617147106
        ],
        [
          0.18181550924473583,
          0.6310569532621246,
          -0.754128796961209,
          -3.2817767433628053
        ],
        [
          0.0,
          0.0,
          0.0,
          1.0
        ]
      ]
    },
    {
      "file_path": "./images/0002.jpg",
      "sharpness": 465.8125588221422,
      "transform_matrix": [
        [
          0.006987368114906127,
          0.759386754569135,
          0.6506019779711204,
          2.8638508208438367
        ],
        [
          0.9811527189173389,
          -0.13084863958216456,
          0.14218992819823095,
          0.3848208765639037
        ],
        [
          0.19310753183385937,
          0.6373463662488102,
          -0.7459886665674156,
          -3.3119657599038073
        ],
        [
          0.0,
          0.0,
          0.0,
          1.0
        ]
      ]
    },
    {
      "file_path": "./images/0015.jpg",
      "sharpness": 152.17097423034824,
      "transform_matrix": [
        [
          -0.07868073998483435,
          -0.37641540727819656,
          0.9231038849377566,
          3.77774920514
        ],
        [
          0.9954029977532987,
          0.021060256391013787,
          0.0934309245640807,
          0.3797747896583246
        ],
        [
          -0.054609644014496944,
          0.9262115885869282,
          0.3730279882481303,
          1.212329487101604
        ],
        [
          0.0,
          0.0,
          0.0,
          1.0
        ]
      ]
    },
    {
      "file_path": "./images/0013.jpg",
      "sharpness": 473.2720534309292,
      "transform_matrix": [
        [
          -0.09486239446812561,
          -0.13519691998682692,
          0.986267164114268,
          4.1458831875007505
        ],
        [
          0.995280061570503,
          0.007484545581855649,
          0.09675526144895971,
          0.2617288122988921
        ],
        [
          -0.020462774886120277,
          0.9907904796030518,
          0.13384879693323068,
          0.29796916605838936
        ],
        [
          0.0,
          0.0,
          0.0,
          1.0
        ]
      ]
    },
    {
      "file_path": "./images/0014.jpg",
      "sharpness": 465.61673273084637,
      "transform_matrix": [
        [
          -0.08210572096921617,
          -0.250892187412043,
          0.9645267030766315,
          3.9945156487107942
        ],
        [
          0.9952062342827607,
          0.03095673545412014,
          0.09276977835026981,
          0.31612455195492545
        ],
        [
          -0.05313381060160755,
          0.9675199175696642,
          0.24714774396199002,
          0.8304326373571819
        ],
        [
          0.0,
          0.0,
          0.0,
          1.0
        ]
      ]
    },
    {
      "file_path": "./images/0019.jpg",
      "sharpness": 544.2699713332684,
      "transform_matrix": [
        [
          -0.05123122945043226,
          -0.5087662708191298,
          0.8593789867537746,
          3.128298857794587
        ],
        [
          0.9973542529102338,
          0.018373891291461587,
          0.07033416183538874,
          0.5530907322428498
        ],
        [
          -0.05157378530896014,
          0.8607085928837571,
          0.5064788868980886,
          1.8385768511464362
        ],
        [
          0.0,
          0.0,
          0.0,
          1.0
        ]
      ]
    },
    {
      "file_path": "./images/0016.jpg",
      "sharpness": 465.86842603866955,
      "transform_matrix": [
        [
          -0.08551964899050701,
          -0.36868781380187426,
          0.9256109796554306,
          3.6416054750423124
        ],
        [
          0.9931963835449913,
          0.04215311806925023,
          0.10855440272323481,
          0.4583682211878173
        ],
        [
          -0.07904007433020742,
          0.9285970119805751,
          0.36257448346399296,
          1.4678964154765575
        ],
        [
          0.0,
          0.0,
          0.0,
          1.0
        ]
      ]
    },
    {
      "file_path": "./images/0017.jpg",
      "sharpness": 565.7134992208598,
      "transform_matrix": [
        [
          -0.07666980323435073,
          -0.3818949456010077,
          0.921020082226528,
          3.5032122752492647
        ],
        [
          0.9942508974871848,
          0.03996558367675544,
          0.09933732917545021,
          0.5205507464214605
        ],
        [
          -0.07474552908580444,
          0.9233412168391537,
          0.37663523897297846,
          1.5933616409501605
        ],
        [
          0.0,
          0.0,
          0.0,
          1.0
        ]
      ]
    },
    {
      "file_path": "./images/0025.jpg",
      "sharpness": 86.37514064987079,
      "transform_matrix": [
        [
          -0.04781034613604072,
          -0.3257418687008504,
          0.9442491227667522,
          2.855927754214305
        ],
        [
          0.987146932838028,
          0.12891546135941845,
          0.09445494593386924,
          0.6225317994167324
        ],
        [
          -0.15249624189623837,
          0.9366285490335571,
          0.31539159375509085,
          1.953985889348799
        ],
        [
          0.0,
          0.0,
          0.0,
          1.0
        ]
      ]
    },
    {
      "file_path": "./images/0020.jpg",
      "sharpness": 505.1142167595335,
      "transform_matrix": [
        [
          -0.040479229570587416,
          -0.5434299831485268,
          0.8384779576451098,
          2.976858562888158
        ],
        [
          0.9971987193510322,
          0.030853053864559228,
          0.06813811849691641,
          0.5748222700655367
        ],
        [
          -0.0628979021780218,
          0.838887324108917,
          0.5406587754023265,
          1.8929682055973518
        ],
        [
          0.0,
          0.0,
          0.0,
          1.0
        ]
      ]
    },
    {
      "file_path": "./images/0018.jpg",
      "sharpness": 437.3279084377189,
      "transform_matrix": [
        [
          -0.0651963877308047,
          -0.41428865515580104,
          0.907807436246368,
          3.307869663726833
        ],
        [
          0.9948070270521913,
          0.04426919446375065,
          0.09164724409123862,
          0.537520631532764
        ],
        [
          -0.07815631743412407,
          0.9090682860483529,
          0.40925107381020376,
          1.7292259665714924
        ],
        [
          0.0,
          0.0,
          0.0,
          1.0
        ]
      ]
    },
    {
      "file_path": "./images/0022.jpg",
      "sharpness": 348.12490973578366,
      "transform_matrix": [
        [
          -0.054411309930817026,
          -0.6279820834170715,
          0.776323329758238,
          2.7776313172751954
        ],
        [
          0.9944762205103393,
          0.03580647054777251,
          0.09866581731679017,
          0.624747663074898
        ],
        [
          -0.08975776396318308,
          0.7774036272375755,
          0.6225649718983144,
          2.0368806638871706
        ],
        [
          0.0,
          0.0,
          0.0,
          1.0
        ]
      ]
    },
    {
      "file_path": "./images/0023.jpg",
      "sharpness": 542.4815068901852,
      "transform_matrix": [
        [
          -0.059879294937745596,
          -0.6520116870485873,
          0.7558407438461919,
          2.769956243655595
        ],
        [
          0.9936014747831721,
          0.033710365037662726,
          0.10779480784407303,
          0.646658371311252
        ],
        [
          -0.09576314190288598,
          0.7574591548784391,
          0.6458212209367908,
          2.056365378168401
        ],
        [
          0.0,
          0.0,
          0.0,
          1.0
        ]
      ]
    },
    {
      "file_path": "./images/0021.jpg",
      "sharpness": 528.3201556715924,
      "transform_matrix": [
        [
          -0.044545159520382294,
          -0.5909533879652412,
          0.8054749046890646,
          2.837509595830883
        ],
        [
          0.996082979804088,
          0.03537411500877138,
          0.08103930732899131,
          0.6001143070782776
        ],
        [
          -0.07638341513957397,
          0.8059297520924884,
          0.5870628660137805,
          1.9488955815476223
        ],
        [
          0.0,
          0.0,
          0.0,
          1.0
        ]
      ]
    },
    {
      "file_path": "./images/0024.jpg",
      "sharpness": 437.47814644518377,
      "transform_matrix": [
        [
          -0.05738070322014048,
          -0.6584760012137397,
          0.7504110945286432,
          2.7541129516496374
        ],
        [
          0.9937352328139916,
          0.034534667899272335,
          0.10629037481172324,
          0.6540318794173453
        ],
        [
          -0.09590485891100926,
          0.7518089601798523,
          0.6523691788390275,
          2.0736552699992936
        ],
        [
          0.0,
          0.0,
          0.0,
          1.0
        ]
      ]
    },
    {
      "file_path": "./images/0026.jpg",
      "sharpness": 171.51620997165332,
      "transform_matrix": [
        [
          0.003638081113339693,
          -0.30583322198909935,
          0.9520781505536876,
          2.8968926499162064
        ],
        [
          0.9941732396671548,
          0.10367748162028301,
          0.029505073038342607,
          0.5447897328668168
        ],
        [
          -0.10773269650744302,
          0.946423277503304,
          0.30442839219050816,
          1.8306410662548789
        ],
        [
          0.0,
          0.0,
          0.0,
          1.0
        ]
      ]
    }
  ]
}