{
  "camera_angle_x": 1.1591168710373485,
  "camera_angle_y": 0.7067203524972678,
  "fl_x": 1466.6844302071015,
  "fl_y": 1464.045121067847,
  "k1": 0.047655600288711235,
  "k2": -0.047804699243447095,
  "k3": 0,
  "k4": 0,
  "p1": 0.002468789798081524,
  "p2": 0.000656206173137172,
  "is_fisheye": false,
  "cx": 957.6077264400282,
  "cy": 545.2445331027271,
  "w": 1920.0,
  "h": 1080.0,
  "aabb_scale": 16,
  "frames": [
    {
      "file_path": "./images/0003.jpg",
      "sharpness": 283.0023492626847,
      "transform_matrix": [
        [
          0.023648238837906087,
          0.8596955370029018,
          0.5102590954843352,
          2.011771116682689
        ],
        [
          0.977865802775395,
          -0.12602973821345123,
          0.16701789379690374,
          0.6762399005005643
        ],
        [
          0.20789235812174595,
          0.4950152409865231,
          -0.8436472477837175,
          -3.3441929556881873
        ],
        [
          0.0,
          0.0,
          0.0,
          1.0
        ]
      ]
    },
    {
      "file_path": "./images/0008.jpg",
      "sharpness": 543.4395454924069,
      "transform_matrix": [
        [
          -0.04614687004941677,
          0.5050947490944683,
          0.8618293107623879,
          3.7825222545947144
        ],
        [
          0.9914967584670358,
          -0.08192663209504082,
          0.1011049202709601,
          0.45874453027803713
        ],
        [
          0.12167433720802956,
          0.8591666435898877,
          -0.4970191488010096,
          -2.3593398578062015
        ],
        [
          0.0,
          0.0,
          0.0,
          1.0
        ]
      ]
    },
    {
      "file_path": "./images/0010.jpg",
      "sharpness": 413.71790217672435,
      "transform_matrix": [
        [
          -0.08766506907306627,
          0.29225620157200677,
          0.9523135767038351,
          4.204843453752252
        ],
        [
          0.9955366760585179,
          -0.007838104357932203,
          0.09404940585939081,
          0.13166719310911876
        ],
        [
          0.03495085531224991,
          0.9563079403780788,
          -0.2902646395105437,
          -1.437607655727911
        ],
        [
          0.0,
          0.0,
          0.0,
          1.0
        ]
      ]
    },
    {
      "file_path": "./images/0007.jpg",
      "sharpness": 591.6061780961423,
      "transform_matrix": [
        [
          -0.02282836561160527,
          0.6059964164102367,
          0.7951397418622638,
          3.4805170351462245
        ],
        [
          0.9875109055815976,
          -0.11034913779207299,
          0.11245123007789551,
          0.5401856273020011
        ],
        [
          0.15588802738684007,
          0.7877762443440148,
          -0.595908979486033,
          -2.765609750326786
        ],
        [
          0.0,
          0.0,
          0.0,
          1.0
        ]
      ]
    },
    {
      "file_path": "./images/0009.jpg",
      "sharpness": 607.6407024161867,
      "transform_matrix": [
        [
          -0.06579581976011141,
          0.41901149801189147,
          0.9055938795637145,
          4.006240995219303
        ],
        [
          0.9950149545600856,
          -0.04061012535367381,
          0.09108269825067115,
          0.286147214886128
        ],
        [
          0.07494097880558102,
          0.9070723137213466,
          -0.4142507301662497,
          -1.8522210877740286
        ],
        [
          0.0,
          0.0,
          0.0,
          1.0
        ]
      ]
    },
    {
      "file_path": "./images/0006.jpg",
      "sharpness": 442.83866401453895,
      "transform_matrix": [
        [
          -0.01943575509614817,
          0.6781818871875032,
          0.7346370392118637,
          3.110580459659418
        ],
        [
          0.9826167285677481,
          -0.12272732357826915,
          0.13929238595918936,
          0.5678429684080151
        ],
        [
          0.1846256108045891,
          0.724573896855319,
          -0.6640075691574131,
          -2.932913147855538
        ],
        [
          0.0,
          0.0,
          0.0,
          1.0
        ]
      ]
    },
    {
      "file_path": "./images/0004.jpg",
      "sharpness": 488.0489689426919,
      "transform_matrix": [
        [
          0.011265576854921862,
          0.7918202842460185,
          0.6106502471153306,
          2.4023627195906556
        ],
        [
          0.9748112640747477,
          -0.14473430853751604,
          0.16969083465300044,
          0.6510262952245914
        ],
        [
          0.22274668620338361,
          0.5933570741586932,
          -0.7735058476822608,
          -3.224519500856215
        ],
        [
          0.0,
          0.0,
          0.0,
          1.0
        ]
      ]
    },
    {
      "file_path": "./images/0005.jpg",
      "sharpness": 488.4836399456026,
      "transform_matrix": [
        [
          0.00024949874794305896,
          0.721749192977793,
          0.6921546360847505,
          2.7291876108446553
        ],
        [
          0.9788564733665255,
          -0.1417552215303794,
          0.14746342501581272,
          0.6028891774419523
        ],
        [
          0.20454814177037703,
          0.6774832541623008,
          -0.7065242374436648,
          -3.0523453519645223
        ],
        [
          0.0,
          0.0,
          0.0,
          1.0
        ]
      ]
    },
    {
      "file_path": "./images/0011.jpg",
      "sharpness": 528.7050786070838,
      "transform_matrix": [
        [
          -0.08954720713504886,
          0.24002422968948667,
          0.9666279878648328,
          4.29032318569643
        ],
        [
          0.9959447781139226,
          0.013123791592543503,
          0.08900429788452867,
          0.08050292805012796
        ],
        [
          0.008677363778529883,
          0.9706781831913237,
          -0.24022607706419563,
          -0.9215644598829712
        ],
        [
          0.0,
          0.0,
          0.0,
          1.0
        ]
      ]
    },
    {
      "file_path": "./images/0012.jpg",
      "sharpness": 629.7959970356314,
      "transform_matrix": [
        [
          -0.1005821775612408,
          0.16538328650520612,
          0.9810869452648476,
          4.329860823567955
        ],
        [
          0.9949287538243728,
          0.016738485099795336,
          0.09917962457136671,
          0.10194289202805892
        ],
        [
          -1.925694895424379e-05,
          0.9860873144548099,
          -0.1662281804264177,
          -0.5284612016527397
        ],
        [
          0.0,
          0.0,
          0.0,
          1.0
        ]
      ]
    },
    {
      "file_path": "./images/0001.jpg",
      "sharpness": 653.1138225088895,
      "transform_matrix": [
        [
          0.018633773369923015,
          0.9027942819655951,
          0.42966878756497806,
          1.5480640717231995
        ],
        [
          0.9678758315850411,
          -0.12405909228930197,
          0.21869091488672396,
          0.7287738027775648
        ],
        [
          0.2507372272479151,
          0.41179099812452913,
          -0.8761044554178675,
          -3.4521888824150597
        ],
        [
          0.0,
          0.0,
          0.0,
          1.0
        ]
      ]
    },
    {
      "file_path": "./images/0002.jpg",
      "sharpness": 589.2433125020816,
      "transform_matrix": [
        [
          0.015350739932111042,
          0.8893973884957559,
          0.4568770515005108,
          1.6262124697774492
        ],
        [
          0.9720808168310836,
          -0.12027492431589316,
          0.20147661931324026,
          0.6989897284442775
        ],
        [
          0.23414363185104187,
          0.441028602228515,
          -0.8664124489799144,
          -3.4274859363465198
        ],
        [
          0.0,
          0.0,
          0.0,
          1.0
        ]
      ]
    },
    {
      "file_path": "./images/0023.jpg",
      "sharpness": 322.28870851783876,
      "transform_matrix": [
        [
          -0.03462036916342501,
          -0.4635821662086794,
          0.8853773236759517,
          3.4809715594924118
        ],
        [
          0.9974567725286698,
          0.03919832295351929,
          0.05952712335056662,
          0.30261655924500225
        ],
        [
          -0.062301019060199456,
          0.8851864587295196,
          0.46104611089712055,
          1.5170810819746559
        ],
        [
          0.0,
          0.0,
          0.0,
          1.0
        ]
      ]
    },
    {
      "file_path": "./images/0013.jpg",
      "sharpness": 591.2984207400074,
      "transform_matrix": [
        [
          -0.09458991165146191,
          0.11470414451908806,
          0.9888860945079806,
          4.349037926340241
        ],
        [
          0.9952921873245404,
          0.031973780914816126,
          0.09149392977031666,
          0.1490907650458376
        ],
        [
          -0.02112369439251262,
          0.9928850067512897,
          -0.11718853600548897,
          -0.21704537655423803
        ],
        [
          0.0,
          0.0,
          0.0,
          1.0
        ]
      ]
    },
    {
      "file_path": "./images/0022.jpg",
      "sharpness": 488.4540999807017,
      "transform_matrix": [
        [
          -0.03761740204356803,
          -0.3969086961797513,
          0.9170869195598184,
          3.6019816312335755
        ],
        [
          0.9965035198323413,
          0.05361519451225457,
          0.06407921565718669,
          0.30051183528880965
        ],
        [
          -0.07460339151555909,
          0.916290836951571,
          0.3935040484675759,
          1.3826231000539724
        ],
        [
          0.0,
          0.0,
          0.0,
          1.0
        ]
      ]
    },
    {
      "file_path": "./images/0018.jpg",
      "sharpness": 609.8846879539262,
      "transform_matrix": [
        [
          -0.06845387450837567,
          -0.16880386070923856,
          0.9832697105788327,
          3.9785737329674076
        ],
        [
          0.9941377498913397,
          0.0711367336531242,
          0.08142296584024201,
          0.22139156138199145
        ],
        [
          -0.08369110649486025,
          0.9830792550968772,
          0.16294470522002683,
          0.9174048520345324
        ],
        [
          0.0,
          0.0,
          0.0,
          1.0
        ]
      ]
    },
    {
      "file_path": "./images/0021.jpg",
      "sharpness": 597.554587153667,
      "transform_matrix": [
        [
          -0.04815127129756418,
          -0.3502999364118431,
          0.9353990644049316,
          3.7162950759649394
        ],
        [
          0.9956686926019935,
          0.05773351392999809,
          0.07287452189623214,
          0.277251283792829
        ],
        [
          -0.07953181530122289,
          0.9348565643916917,
          0.34600273761353606,
          1.2766421723879378
        ],
        [
          0.0,
          0.0,
          0.0,
          1.0
        ]
      ]
    },
    {
      "file_path": "./images/0016.jpg",
      "sharpness": 616.6984124215662,
      "transform_matrix": [
        [
          -0.06699455282108091,
          -0.07459673448339843,
          0.9949608319748325,
          4.216627237533299
        ],
        [
          0.9929101914981219,
          0.09315015825050747,
          0.0738403659060627,
          0.20038771614038367
        ],
        [
          -0.09818900912116375,
          0.9928536525032832,
          0.06782730472383999,
          0.5700161758156441
        ],
        [
          0.0,
          0.0,
          0.0,
          1.0
        ]
      ]
    },
    {
      "file_path": "./images/0024.jpg",
      "sharpness": 594.3880984652297,
      "transform_matrix": [
        [
          -0.030043259887881913,
          -0.5070331732921451,
          0.8614027883539389,
          3.388143694163494
        ],
        [
          0.9967390761580786,
          0.04937236317268599,
          0.06382463328807536,
          0.2864903120666915
        ],
        [
          -0.07489069765483534,
          0.8605113195090204,
          0.5038964699906356,
          1.5783610408508029
        ],
        [
          0.0,
          0.0,
          0.0,
          1.0
        ]
      ]
    },
    {
      "file_path": "./images/0014.jpg",
      "sharpness": 557.8894968101783,
      "transform_matrix": [
        [
          -0.10862111233430213,
          0.020735949706155703,
          0.9938669299319587,
          4.349572618124093
        ],
        [
          0.9925687332239581,
          0.05742898963987484,
          0.10728103735144837,
          0.14956198279962424
        ],
        [
          -0.0548521994275328,
          0.9981342252452406,
          -0.02681985606695322,
          0.031515505302451556
        ],
        [
          0.0,
          0.0,
          0.0,
          1.0
        ]
      ]
    },
    {
      "file_path": "./images/0017.jpg",
      "sharpness": 524.2824463940804,
      "transform_matrix": [
        [
          -0.06968022691257868,
          -0.11423253769926177,
          0.991007362927003,
          4.120360921849015
        ],
        [
          0.9944509046951482,
          0.0705347694070605,
          0.07805283118354339,
          0.2059430962441295
        ],
        [
          -0.07881664880546349,
          0.9909469076103495,
          0.10868377172314285,
          0.7401994041523664
        ],
        [
          0.0,
          0.0,
          0.0,
          1.0
        ]
      ]
    },
    {
      "file_path": "./images/0019.jpg",
      "sharpness": 405.600160576318,
      "transform_matrix": [
        [
          -0.058607939750550675,
          -0.21464717313735668,
          0.9749316389007342,
          3.8796069801864617
        ],
        [
          0.9963082793801222,
          0.04879044643123005,
          0.07063501097709463,
          0.21514452954711918
        ],
        [
          -0.0627289553326571,
          0.975472236134058,
          0.21099524819744295,
          1.078750973942933
        ],
        [
          0.0,
          0.0,
          0.0,
          1.0
        ]
      ]
    },
    {
      "file_path": "./images/0015.jpg",
      "sharpness": 453.06112113120236,
      "transform_matrix": [
        [
          -0.0836084398380394,
          -0.029192195776033582,
          0.9960710037748097,
          4.282622916384835
        ],
        [
          0.9928369345530771,
          0.08317182559655016,
          0.08577452310714657,
          0.1727591561980282
        ],
        [
          -0.08534899047887887,
          0.9961075560398289,
          0.02202922359054131,
          0.31210418464185785
        ],
        [
          0.0,
          0.0,
          0.0,
          1.0
        ]
      ]
    },
    {
      "file_path": "./images/0020.jpg",
      "sharpness": 349.9156394490982,
      "transform_matrix": [
        [
          -0.054989540922146224,
          -0.30332418847402254,
          0.9512994203420296,
          3.801603334288497
        ],
        [
          0.9955089108981664,
          0.056873839248778986,
          0.07567942079273138,
          0.2453773528415965
        ],
        [
          -0.07705944920612852,
          0.9511886264893971,
          0.29883446620607396,
          1.2022624546950176
        ],
        [
          0.0,
          0.0,
          0.0,
          1.0
        ]
      ]
    },
    {
      "file_path": "./images/0025.jpg",
      "sharpness": 501.3267081527838,
      "transform_matrix": [
        [
          -0.01197145420543426,
          -0.5050150688120074,
          0.8630274993442242,
          3.3352264258907893
        ],
        [
          0.9970245226714677,
          0.05970011450168826,
          0.048764715935705444,
          0.2959068181959753
        ],
        [
          -0.07614975690282413,
          0.8610433651496908,
          0.5027977107373739,
          1.6419913201485443
        ],
        [
          0.0,
          0.0,
          0.0,
          1.0
        ]
      ]
    },
    {
      "file_path": "./images/0033.jpg",
      "sharpness": 354.5436853171202,
      "transform_matrix": [
        [
          -0.0025052019151557293,
          -0.5131011483960676,
          0.8583244931524063,
          2.9212679372759522
        ],
        [
          0.9997959415491232,
          0.01591999475876922,
          0.012434992113215318,
          0.3212504940603373
        ],
        [
          -0.020044930165896375,
          0.8581804969520411,
          0.5129565629692237,
          1.8453784060051006
        ],
        [
          0.0,
          0.0,
          0.0,
          1.0
        ]
      ]
    },
    {
      "file_path": "./images/0026.jpg",
      "sharpness": 570.3662387699309,
      "transform_matrix": [
        [
          -0.022437364396464467,
          -0.4939406432294571,
          0.8692060778160404,
          3.2990293665823476
        ],
        [
          0.9974323467699084,
          0.04808412023704636,
          0.053071941722296054,
          0.3330337887615987
        ],
        [
          -0.06800939858822513,
          0.8681650525183722,
          0.49159349401395347,
          1.6724739406601812
        ],
        [
          0.0,
          0.0,
          0.0,
          1.0
        ]
      ]
    },
    {
      "file_path": "./images/0030.jpg",
      "sharpness": 391.0430818880917,
      "transform_matrix": [
        [
          0.0009186944096811235,
          -0.5314182563881714,
          0.8471090796616877,
          3.011841458487972
        ],
        [
          0.9993935806115755,
          0.029974480165711144,
          0.017720089481784284,
          0.3616263164936314
        ],
        [
          -0.034808433361965256,
          0.8465790969445244,
          0.5311235314414962,
          1.7934982476396322
        ],
        [
          0.0,
          0.0,
          0.0,
          1.0
        ]
      ]
    },
    {
      "file_path": "./images/0027.jpg",
      "sharpness": 533.4637187873745,
      "transform_matrix": [
        [
          -0.028172449553486086,
          -0.4936672843426452,
          0.8691944118108723,
          3.266384207182955
        ],
        [
          0.9988959384230213,
          0.018797894444821606,
          0.04305279742950534,
          0.3169574715112159
        ],
        [
          -0.037592782395627494,
          0.8694476704215864,
          0.49259266252923234,
          1.7081855679447933
        ],
        [
          0.0,
          0.0,
          0.0,
          1.0
        ]
      ]
    },
    {
      "file_path": "./images/0031.jpg",
      "sharpness": 556.5984117160539,
      "transform_matrix": [
        [
          0.0175727773493034,
          -0.5181229411648683,
          0.8551256138148551,
          2.950151366423636
        ],
        [
          0.9994291846441824,
          0.033783133845756604,
          -6.89136953146395e-05,
          0.3883578470755946
        ],
        [
          -0.028853117299939054,
          0.8546387059883606,
          0.5184208521230831,
          1.8378764414179425
        ],
        [
          0.0,
          0.0,
          0.0,
          1.0
        ]
      ]
    },
    {
      "file_path": "./images/0032.jpg",
      "sharpness": 599.5272304426259,
      "transform_matrix": [
        [
          0.00689544111052743,
          -0.5078648532746779,
          0.8614091616459132,
          2.9245030558570493
        ],
        [
          0.9997231258703089,
          0.022881373991424838,
          0.005487651996626947,
          0.33726318921341814
        ],
        [
          -0.022497210763349318,
          0.8611328199527967,
          0.5078820158023125,
          1.8498692687424654
        ],
        [
          0.0,
          0.0,
          0.0,
          1.0
        ]
      ]
    },
    {
      "file_path": "./images/0028.jpg",
      "sharpness": 476.183651795587,
      "transform_matrix": [
        [
          -0.022786260573050582,
          -0.5079241643066449,
          0.8611003598360806,
          3.1245616108916554
        ],
        [
          0.9993779753285885,
          0.011616558827999215,
          0.03329741715507535,
          0.31040680044195207
        ],
        [
          -0.026915585768908512,
          0.8613234577914064,
          0.5073435250088232,
          1.7652346685319342
        ],
        [
          0.0,
          0.0,
          0.0,
          1.0
        ]
      ]
    },
    {
      "file_path": "./images/0029.jpg",
      "sharpness": 517.4596940545395,
      "transform_matrix": [
        [
          0.0013106553378548352,
          -0.5131700266969799,
          0.8582859697966295,
          3.0678501983386397
        ],
        [
          0.9991175025037504,
          0.036704722835039394,
          0.020420076208080833,
          0.3177606389980896
        ],
        [
          -0.04198211968744347,
          0.8575017708953362,
          0.5127652626741778,
          1.79539522931028
        ],
        [
          0.0,
          0.0,
          0.0,
          1.0
        ]
      ]
    }
  ]
}