{
  "camera_angle_x": 0.6760702594839649,
  "camera_angle_y": 1.1234862791804647,
  "fl_x": 1536.1521605830328,
  "fl_y": 1525.309405991776,
  "k1": 0.015987488963088176,
  "k2": -0.04568599031904186,
  "k3": 0,
  "k4": 0,
  "p1": -0.0012577784260177887,
  "p2": -0.004170026305059956,
  "is_fisheye": false,
  "cx": 529.5545687187181,
  "cy": 952.4917578019326,
  "w": 1080.0,
  "h": 1920.0,
  "aabb_scale": 16,
  "frames": [
    {
      "file_path": "./images/0008.jpg",
      "sharpness": 57.605723837918696,
      "transform_matrix": [
        [
          -0.5326582249302625,
          -0.5940587681947587,
          0.6028012901388146,
          2.700833438648122
        ],
        [
          0.7260003998884142,
          0.04533421752997244,
          0.6861983882982556,
          2.7134498437201398
        ],
        [
          -0.43496969410419156,
          0.8031431931549873,
          0.4071392594284961,
          1.6738726436387015
        ],
        [
          0.0,
          0.0,
          0.0,
          1.0
        ]
      ]
    },
    {
      "file_path": "./images/0010.jpg",
      "sharpness": 67.56249071962328,
      "transform_matrix": [
        [
          -0.6181404033639344,
          -0.542458716133431,
          0.5688945271910195,
          2.247332414219724
        ],
        [
          0.6781811298734503,
          -0.00209274397578324,
          0.734891812123756,
          3.1857056726970403
        ],
        [
          -0.3974579183069881,
          0.8400798544042591,
          0.3691788746223996,
          1.524022110884271
        ],
        [
          0.0,
          0.0,
          0.0,
          1.0
        ]
      ]
    },
    {
      "file_path": "./images/0007.jpg",
      "sharpness": 65.99885367965781,
      "transform_matrix": [
        [
          -0.4813056663224453,
          -0.6278678800064891,
          0.6116590397190376,
          2.7724720033423402
        ],
        [
          0.7433374530011322,
          0.07744459238341522,
          0.6644183667665065,
          2.4896212229843226
        ],
        [
          -0.46453663638773246,
          0.7744573974232921,
          0.4294431896050741,
          1.7650036543917693
        ],
        [
          0.0,
          0.0,
          0.0,
          1.0
        ]
      ]
    },
    {
      "file_path": "./images/0011.jpg",
      "sharpness": 81.33617476271273,
      "transform_matrix": [
        [
          -0.6722216952141692,
          -0.5050203928122076,
          0.5413616123952116,
          2.2212813613406843
        ],
        [
          0.6354754842825208,
          -0.018420408224552876,
          0.7719012873788023,
          3.37128535719555
        ],
        [
          -0.37985378946686943,
          0.8629108247485917,
          0.33331067673813236,
          1.532777329443808
        ],
        [
          0.0,
          0.0,
          0.0,
          1.0
        ]
      ]
    },
    {
      "file_path": "./images/0006.jpg",
      "sharpness": 82.54801263335058,
      "transform_matrix": [
        [
          -0.38743307830077045,
          -0.653815796935939,
          0.6499388537111498,
          2.849900804747375
        ],
        [
          0.7849669051118808,
          0.13574864728623615,
          0.6044826404946204,
          2.20393101052002
        ],
        [
          -0.4834486195389865,
          0.7443770606958134,
          0.46063024634078986,
          1.8921367028382303
        ],
        [
          0.0,
          0.0,
          0.0,
          1.0
        ]
      ]
    },
    {
      "file_path": "./images/0012.jpg",
      "sharpness": 92.45426158984192,
      "transform_matrix": [
        [
          -0.7274342388565257,
          -0.4767963970317586,
          0.4934618769111877,
          2.1144064383823555
        ],
        [
          0.5812174881127877,
          -0.04589577336835671,
          0.8124529583422646,
          3.50524448399731
        ],
        [
          -0.36472682882674523,
          0.8778147719361802,
          0.31050856119096837,
          1.4199947767412247
        ],
        [
          0.0,
          0.0,
          0.0,
          1.0
        ]
      ]
    },
    {
      "file_path": "./images/0009.jpg",
      "sharpness": 89.85581211231376,
      "transform_matrix": [
        [
          -0.5849812288997887,
          -0.5643768394065025,
          0.5824738148830138,
          2.5830970602059273
        ],
        [
          0.7000995354008267,
          0.011191972434108188,
          0.7139575479710938,
          2.936376251275923
        ],
        [
          -0.40946013527410285,
          0.8254414109771553,
          0.3885728692711622,
          1.5962647242454604
        ],
        [
          0.0,
          0.0,
          0.0,
          1.0
        ]
      ]
    },
    {
      "file_path": "./images/0005.jpg",
      "sharpness": 84.27203703699146,
      "transform_matrix": [
        [
          -0.29195190364705587,
          -0.6675265900062486,
          0.6849615592421527,
          2.8894202196605328
        ],
        [
          0.8237636546391036,
          0.18839674634601003,
          0.5347149776116059,
          1.944713357784797
        ],
        [
          -0.4859809947636542,
          0.720357492950916,
          0.494881354615697,
          1.981303977528013
        ],
        [
          0.0,
          0.0,
          0.0,
          1.0
        ]
      ]
    },
    {
      "file_path": "./images/0002.jpg",
      "sharpness": 86.62230873186189,
      "transform_matrix": [
        [
          -0.1853813628559056,
          -0.6599789794104113,
          0.7280532240777664,
          2.970928402087317
        ],
        [
          0.8653002873816625,
          0.24149601603218013,
          0.4392437670794125,
          1.7634228766840179
        ],
        [
          -0.46571360618361973,
          0.7114122721907806,
          0.526311139973368,
          2.1186972391538186
        ],
        [
          0.0,
          0.0,
          0.0,
          1.0
        ]
      ]
    },
    {
      "file_path": "./images/0003.jpg",
      "sharpness": 89.58605661595391,
      "transform_matrix": [
        [
          -0.21890939571967455,
          -0.6597710170997152,
          0.7188747328351482,
          2.992867102442454
        ],
        [
          0.8550224302820555,
          0.22526326559526003,
          0.46711144805949967,
          1.7701145048682245
        ],
        [
          -0.4701226650575025,
          0.716909105965519,
          0.5148067731209631,
          2.110065923054953
        ],
        [
          0.0,
          0.0,
          0.0,
          1.0
        ]
      ]
    },
    {
      "file_path": "./images/0004.jpg",
      "sharpness": 83.42110387709138,
      "transform_matrix": [
        [
          -0.23892058895429952,
          -0.6635136320474119,
          0.7089898534597896,
          2.943599540436646
        ],
        [
          0.8462526075883522,
          0.21579022547865429,
          0.4871253460436047,
          1.779408869039536
        ],
        [
          -0.4762073879559104,
          0.7163687868153357,
          0.5099434135285996,
          2.0918225073578975
        ],
        [
          0.0,
          0.0,
          0.0,
          1.0
        ]
      ]
    },
    {
      "file_path": "./images/0001.jpg",
      "sharpness": 94.22533126896616,
      "transform_matrix": [
        [
          -0.175067378530908,
          -0.6558112933599742,
          0.734345259754419,
          3.0082739060914307
        ],
        [
          0.8689970762082604,
          0.24768485757469536,
          0.4283646727847823,
          1.7600727591884837
        ],
        [
          -0.4628125911616361,
          0.7131365639736678,
          0.5265365577567721,
          2.1417686570006715
        ],
        [
          0.0,
          0.0,
          0.0,
          1.0
        ]
      ]
    },
    {
      "file_path": "./images/0017.jpg",
      "sharpness": 14.655778424292501,
      "transform_matrix": [
        [
          -0.9601734575723108,
          -0.2579420479712385,
          0.10739102062085365,
          0.48730629282915094
        ],
        [
          0.17345824117541275,
          -0.2489807070730915,
          0.9528488054744213,
          4.851569859871113
        ],
        [
          -0.21904148004353938,
          0.9335279896509467,
          0.283806840345444,
          1.0119779045369899
        ],
        [
          0.0,
          0.0,
          0.0,
          1.0
        ]
      ]
    },
    {
      "file_path": "./images/0019.jpg",
      "sharpness": 10.068078143484277,
      "transform_matrix": [
        [
          -0.9794279437378285,
          -0.20171290368461936,
          0.005727788452758759,
          -0.2170104585404846
        ],
        [
          0.059736462734744006,
          -0.26270783590266067,
          0.9630244794373592,
          4.906733966201781
        ],
        [
          -0.1927497291577462,
          0.9435552434859865,
          0.26935301087603114,
          1.1212576041676356
        ],
        [
          0.0,
          0.0,
          0.0,
          1.0
        ]
      ]
    },
    {
      "file_path": "./images/0018.jpg",
      "sharpness": 13.42021459207207,
      "transform_matrix": [
        [
          -0.9729207466833502,
          -0.21962547957910802,
          0.07204074847411537,
          0.02042486285878787
        ],
        [
          0.12586376578705338,
          -0.24198647664438178,
          0.9620815233666301,
          4.933175733635058
        ],
        [
          -0.1938647290655196,
          0.9450963939771868,
          0.2630765534667392,
          1.356590323975082
        ],
        [
          0.0,
          0.0,
          0.0,
          1.0
        ]
      ]
    },
    {
      "file_path": "./images/0013.jpg",
      "sharpness": 45.03117084065271,
      "transform_matrix": [
        [
          -0.7934956544526277,
          -0.44826846669602943,
          0.41160664253476065,
          1.6044491830855636
        ],
        [
          0.49337729015899423,
          -0.07787454808182048,
          0.8663223443596129,
          3.714557528076516
        ],
        [
          -0.35629130769572337,
          0.8905003855098079,
          0.28295859685760116,
          1.2112659311425635
        ],
        [
          0.0,
          0.0,
          0.0,
          1.0
        ]
      ]
    },
    {
      "file_path": "./images/0014.jpg",
      "sharpness": 69.26246190198736,
      "transform_matrix": [
        [
          -0.8727076385253246,
          -0.3879911097213413,
          0.29638535133286326,
          1.1102423720399355
        ],
        [
          0.36740265341978284,
          -0.12207251909753059,
          0.9220160466942001,
          3.9520689436403056
        ],
        [
          -0.32155352267695747,
          0.9135432113073996,
          0.24908258308535058,
          1.1403294320275015
        ],
        [
          0.0,
          0.0,
          0.0,
          1.0
        ]
      ]
    },
    {
      "file_path": "./images/0016.jpg",
      "sharpness": 63.47296922189894,
      "transform_matrix": [
        [
          -0.948115626824679,
          -0.28543058872395016,
          0.14002191699693384,
          0.3654148081854517
        ],
        [
          0.19814453509362173,
          -0.1860848191318118,
          0.9623467064013516,
          4.41752671088216
        ],
        [
          -0.24862723386582816,
          0.9401605284086583,
          0.23298643623792065,
          0.9165819310248998
        ],
        [
          0.0,
          0.0,
          0.0,
          1.0
        ]
      ]
    },
    {
      "file_path": "./images/0015.jpg",
      "sharpness": 67.34120787555555,
      "transform_matrix": [
        [
          -0.9321194418859802,
          -0.3048274500542276,
          0.19553406813022953,
          0.7044827302820631
        ],
        [
          0.2538383976581338,
          -0.16482900420888252,
          0.9530988759127643,
          4.2201036576197035
        ],
        [
          -0.25830101425522095,
          0.9380360468197151,
          0.2310172308937854,
          0.9576719028700694
        ],
        [
          0.0,
          0.0,
          0.0,
          1.0
        ]
      ]
    },
    {
      "file_path": "./images/0021.jpg",
      "sharpness": 63.547776318392636,
      "transform_matrix": [
        [
          -0.9887956259610894,
          -0.09917118172439349,
          -0.11157189092041098,
          -0.45543006642218115
        ],
        [
          -0.07703105721758097,
          -0.30123389121205835,
          0.9504337741418385,
          4.225711178202434
        ],
        [
          -0.12786487538426433,
          0.9483792593505036,
          0.2902194930479751,
          1.1760014612410994
        ],
        [
          0.0,
          0.0,
          0.0,
          1.0
        ]
      ]
    },
    {
      "file_path": "./images/0022.jpg",
      "sharpness": 86.50675732711751,
      "transform_matrix": [
        [
          -0.9661434907431541,
          -0.010199417040055947,
          -0.2578036602428816,
          -0.8771920193942013
        ],
        [
          -0.24505487063096432,
          -0.276320430543286,
          0.9292981922207373,
          4.020295596826097
        ],
        [
          -0.08071471821097737,
          0.9610114419824543,
          0.2644657685054794,
          1.1933324918999346
        ],
        [
          0.0,
          0.0,
          0.0,
          1.0
        ]
      ]
    },
    {
      "file_path": "./images/0023.jpg",
      "sharpness": 85.46634065252776,
      "transform_matrix": [
        [
          -0.9420192323182258,
          0.0543676320790467,
          -0.3311252430314686,
          -1.3793350220722005
        ],
        [
          -0.33314594491261024,
          -0.269655486561331,
          0.9034930536401324,
          3.840249137861657
        ],
        [
          -0.0401689605961085,
          0.9614208647690639,
          0.2721330106025381,
          1.0903399103949292
        ],
        [
          0.0,
          0.0,
          0.0,
          1.0
        ]
      ]
    },
    {
      "file_path": "./images/0024.jpg",
      "sharpness": 77.25905571696148,
      "transform_matrix": [
        [
          -0.8944317764057571,
          0.14260007664277008,
          -0.42385966491879,
          -1.6968531006118102
        ],
        [
          -0.4467052868224398,
          -0.2401212097185383,
          0.8618562475195635,
          3.5960081752600614
        ],
        [
          0.021123071460146067,
          0.9602119676653347,
          0.2784722482988623,
          1.159020970131543
        ],
        [
          0.0,
          0.0,
          0.0,
          1.0
        ]
      ]
    },
    {
      "file_path": "./images/0020.jpg",
      "sharpness": 64.43361687939013,
      "transform_matrix": [
        [
          -0.985693609253405,
          -0.1660393918059497,
          -0.028965998923868502,
          -0.05355967111655812
        ],
        [
          0.018778549937646827,
          -0.2789735091636264,
          0.9601151739596072,
          4.538729044203666
        ],
        [
          -0.16749768591413808,
          0.9458354516619205,
          0.27810038414422733,
          1.1783442575010852
        ],
        [
          0.0,
          0.0,
          0.0,
          1.0
        ]
      ]
    },
    {
      "file_path": "./images/0025.jpg",
      "sharpness": 74.73509591936649,
      "transform_matrix": [
        [
          -0.8306613123999474,
          0.2110313031791001,
          -0.5152354541454607,
          -1.9459740614653644
        ],
        [
          -0.552996178497412,
          -0.20502647948879865,
          0.8075638484330533,
          3.393962071905979
        ],
        [
          0.06478434006390033,
          0.9557352833549706,
          0.2870070687302775,
          1.1960393981356634
        ],
        [
          0.0,
          0.0,
          0.0,
          1.0
        ]
      ]
    },
    {
      "file_path": "./images/0027.jpg",
      "sharpness": 55.61885317268575,
      "transform_matrix": [
        [
          -0.697575758653101,
          0.2657983820299423,
          -0.6653865651617612,
          -2.4803223226277034
        ],
        [
          -0.7046594536320523,
          -0.08628859208604955,
          0.7042793006351249,
          2.777697892009808
        ],
        [
          0.1297810287052148,
          0.9601591009052173,
          0.24749017274503676,
          1.0501040026263273
        ],
        [
          0.0,
          0.0,
          0.0,
          1.0
        ]
      ]
    },
    {
      "file_path": "./images/0026.jpg",
      "sharpness": 68.31836659295351,
      "transform_matrix": [
        [
          -0.7852158070373678,
          0.24002372075062994,
          -0.5708106077357268,
          -2.2393692214573027
        ],
        [
          -0.6123065364129117,
          -0.16358244613306444,
          0.773512436101361,
          3.1024250869228926
        ],
        [
          0.09228673746782125,
          0.9568852579371829,
          0.2754156155672795,
          1.1192646021035348
        ],
        [
          0.0,
          0.0,
          0.0,
          1.0
        ]
      ]
    },
    {
      "file_path": "./images/0028.jpg",
      "sharpness": 79.13926021230354,
      "transform_matrix": [
        [
          -0.6637089151676357,
          0.2727972228027002,
          -0.6964712134798433,
          -2.7282418038527814
        ],
        [
          -0.7337656729962181,
          -0.05672587137771323,
          0.6770303631811221,
          2.454154076623718
        ],
        [
          0.1451840663547762,
          0.9603977565640227,
          0.23781870433536356,
          1.2044998680826218
        ],
        [
          0.0,
          0.0,
          0.0,
          1.0
        ]
      ]
    },
    {
      "file_path": "./images/0029.jpg",
      "sharpness": 40.169655186380545,
      "transform_matrix": [
        [
          -0.6117312951440601,
          0.29239384185240824,
          -0.7350446679189713,
          -2.797481200796225
        ],
        [
          -0.7776796212136945,
          -0.05207008042292627,
          0.626500689140874,
          2.378036870134639
        ],
        [
          0.14491110844809743,
          0.9548793368991649,
          0.25924162991237015,
          1.1663446278040097
        ],
        [
          0.0,
          0.0,
          0.0,
          1.0
        ]
      ]
    },
    {
      "file_path": "./images/0030.jpg",
      "sharpness": 79.10067177826444,
      "transform_matrix": [
        [
          -0.5944664010125558,
          0.3055546964816658,
          -0.7438050991846773,
          -2.7588489572956565
        ],
        [
          -0.7883383210690635,
          -0.03909383442700942,
          0.6139986674774787,
          2.3991349407767197
        ],
        [
          0.15853198308773686,
          0.9513716411756985,
          0.264120447472729,
          1.1353745969537943
        ],
        [
          0.0,
          0.0,
          0.0,
          1.0
        ]
      ]
    },
    {
      "file_path": "./images/0034.jpg",
      "sharpness": 63.85053288625545,
      "transform_matrix": [
        [
          -0.3780247589489071,
          0.4176276779022213,
          -0.8262471811265505,
          -2.963340547258825
        ],
        [
          -0.8994418126661461,
          0.04575355872763831,
          0.43463897376087857,
          1.6535241137141867
        ],
        [
          0.21932101426277956,
          0.9074655555885143,
          0.3583358176228572,
          1.3557303263369724
        ],
        [
          0.0,
          0.0,
          0.0,
          1.0
        ]
      ]
    },
    {
      "file_path": "./images/0031.jpg",
      "sharpness": 82.56138305221154,
      "transform_matrix": [
        [
          -0.5543758644489871,
          0.31960227149662956,
          -0.7684541554436305,
          -2.8406712697311725
        ],
        [
          -0.8161948163660175,
          -0.028200366318117565,
          0.5770881744561067,
          2.2438388895864665
        ],
        [
          0.16276800272782482,
          0.9471320538654099,
          0.27649131974973873,
          1.1766702549012376
        ],
        [
          0.0,
          0.0,
          0.0,
          1.0
        ]
      ]
    },
    {
      "file_path": "./images/0032.jpg",
      "sharpness": 84.11291733315463,
      "transform_matrix": [
        [
          -0.49027475692755207,
          0.3383371509100177,
          -0.8032176760266625,
          -2.9619972062697713
        ],
        [
          -0.8546944616657903,
          -0.00617468400169896,
          0.519094645026915,
          2.0196932478060448
        ],
        [
          0.1706693879170095,
          0.9410047001250208,
          0.29220218075661264,
          1.2716514602009283
        ],
        [
          0.0,
          0.0,
          0.0,
          1.0
        ]
      ]
    },
    {
      "file_path": "./images/0033.jpg",
      "sharpness": 76.84038773107115,
      "transform_matrix": [
        [
          -0.4349976015552588,
          0.37452501206524086,
          -0.8188455910772519,
          -3.0124273148306386
        ],
        [
          -0.8792727902144829,
          0.019302817257684513,
          0.47592726508855265,
          1.8753490714169458
        ],
        [
          0.19405269150629195,
          0.9270158664495978,
          0.3209129731533654,
          1.3089565998830115
        ],
        [
          0.0,
          0.0,
          0.0,
          1.0
        ]
      ]
    },
    {
      "file_path": "./images/0035.jpg",
      "sharpness": 95.156840242766,
      "transform_matrix": [
        [
          -0.3102201643355167,
          0.4546829967374195,
          -0.8348813222042256,
          -2.957726329047343
        ],
        [
          -0.9192538866520183,
          0.08041359064315867,
          0.3853646926423703,
          1.3459757847970395
        ],
        [
          0.2423545781667772,
          0.8870157986100327,
          0.39302319464133023,
          1.4685928417890004
        ],
        [
          0.0,
          0.0,
          0.0,
          1.0
        ]
      ]
    },
    {
      "file_path": "./images/0036.jpg",
      "sharpness": 88.10049574116847,
      "transform_matrix": [
        [
          -0.2040429026247401,
          0.4948541022451498,
          -0.8446809524474721,
          -2.9079082112765358
        ],
        [
          -0.941588441900741,
          0.136928777912599,
          0.3076714414413741,
          1.1848383355982801
        ],
        [
          0.26791360548562493,
          0.858119995884685,
          0.4380095578030556,
          1.6072500313458011
        ],
        [
          0.0,
          0.0,
          0.0,
          1.0
        ]
      ]
    },
    {
      "file_path": "./images/0037.jpg",
      "sharpness": 49.22457465113675,
      "transform_matrix": [
        [
          -0.1478664234384823,
          0.5293287919612603,
          -0.8354319546607583,
          -2.885364202024587
        ],
        [
          -0.942230571542934,
          0.18131448281970375,
          0.2816497974258366,
          1.120942002911083
        ],
        [
          0.3005612598179213,
          0.8288160763327685,
          0.47193944609164146,
          1.6058999373147729
        ],
        [
          0.0,
          0.0,
          0.0,
          1.0
        ]
      ]
    },
    {
      "file_path": "./images/0040.jpg",
      "sharpness": 56.30417998965241,
      "transform_matrix": [
        [
          -0.07571128539945676,
          0.5485105716475015,
          -0.8327088051065895,
          -3.027160854279603
        ],
        [
          -0.9544653930266396,
          0.2018010552826492,
          0.21970923426571573,
          0.7291883088430818
        ],
        [
          0.28855435329698625,
          0.8114262054831921,
          0.5082557410563835,
          1.8316157903367822
        ],
        [
          0.0,
          0.0,
          0.0,
          1.0
        ]
      ]
    },
    {
      "file_path": "./images/0038.jpg",
      "sharpness": 83.28176546923866,
      "transform_matrix": [
        [
          -0.1203821935305916,
          0.5217979686618767,
          -0.8445324194067706,
          -2.9936718040784474
        ],
        [
          -0.9490993428563165,
          0.18893358953175476,
          0.25202090420572276,
          0.907444243143216
        ],
        [
          0.29106453734933413,
          0.8318839935436694,
          0.47249386922130704,
          1.6265387024934708
        ],
        [
          0.0,
          0.0,
          0.0,
          1.0
        ]
      ]
    },
    {
      "file_path": "./images/0039.jpg",
      "sharpness": 125.77951482898098,
      "transform_matrix": [
        [
          -0.09132117671574208,
          0.5323422360515877,
          -0.8415890840824871,
          -2.9849849172878664
        ],
        [
          -0.9518641412372888,
          0.20165714834235632,
          0.23084421406945385,
          0.7234572732855324
        ],
        [
          0.2926005798694344,
          0.8221594360616961,
          0.4883019172838174,
          1.7281923813556999
        ],
        [
          0.0,
          0.0,
          0.0,
          1.0
        ]
      ]
    },
    {
      "file_path": "./images/0041.jpg",
      "sharpness": 121.73307088878872,
      "transform_matrix": [
        [
          -0.039561844866793594,
          0.555239012097348,
          -0.8307493604715253,
          -2.994951472393772
        ],
        [
          -0.9534275223750476,
          0.2278210166288115,
          0.1976702910917795,
          0.7671579592429861
        ],
        [
          0.2990164210131528,
          0.7998795058599683,
          0.5203671359126795,
          1.7439908816529244
        ],
        [
          0.0,
          0.0,
          0.0,
          1.0
        ]
      ]
    },
    {
      "file_path": "./images/0046.jpg",
      "sharpness": 14.903079182773169,
      "transform_matrix": [
        [
          -0.62009491302076,
          0.5019399822739969,
          -0.6029415834792842,
          -1.9153272931200722
        ],
        [
          -0.7702572325398627,
          -0.24360531878330705,
          0.5893727550547534,
          1.2959333992641116
        ],
        [
          0.14894997357377665,
          0.8298871627564394,
          0.5376813206098063,
          1.6708683884132878
        ],
        [
          0.0,
          0.0,
          0.0,
          1.0
        ]
      ]
    },
    {
      "file_path": "./images/0043.jpg",
      "sharpness": 52.61286410037673,
      "transform_matrix": [
        [
          -0.002543697235266429,
          0.5601562139382932,
          -0.8283830911110169,
          -2.9392963369030722
        ],
        [
          -0.9528509076972597,
          0.2499987277711476,
          0.17197611413691047,
          0.7627108308975524
        ],
        [
          0.30342820786763636,
          0.7897630354522562,
          0.5331094358307118,
          1.7376954399367988
        ],
        [
          0.0,
          0.0,
          0.0,
          1.0
        ]
      ]
    },
    {
      "file_path": "./images/0042.jpg",
      "sharpness": 78.09912213214209,
      "transform_matrix": [
        [
          -0.007437447195064256,
          0.56116716675866,
          -0.8276690735911489,
          -2.948926686314059
        ],
        [
          -0.952883556498882,
          0.24702328098855297,
          0.1760466597922506,
          0.7425647726017605
        ],
        [
          0.3032451354241847,
          0.789981588183741,
          0.5328897430430891,
          1.7273509891199958
        ],
        [
          0.0,
          0.0,
          0.0,
          1.0
        ]
      ]
    },
    {
      "file_path": "./images/0045.jpg",
      "sharpness": 63.28281873796577,
      "transform_matrix": [
        [
          -0.056426886525826114,
          0.5765924569698588,
          -0.815081066575843,
          -2.769954069502579
        ],
        [
          -0.9501738877902814,
          0.2196651706894328,
          0.22117141715827437,
          0.929215084874593
        ],
        [
          0.3065706924459027,
          0.7869487603513644,
          0.5354680748494327,
          1.8211942069603966
        ],
        [
          0.0,
          0.0,
          0.0,
          1.0
        ]
      ]
    },
    {
      "file_path": "./images/0044.jpg",
      "sharpness": 83.35356837271141,
      "transform_matrix": [
        [
          -0.03129601889443709,
          0.5809338500282795,
          -0.8133488926288829,
          -2.854194876944739
        ],
        [
          -0.952592538252575,
          0.2290532774652631,
          0.2002549678990583,
          0.79045978838583
        ],
        [
          0.3026351190682772,
          0.781057269373343,
          0.5462247950558943,
          1.719834847003176
        ],
        [
          0.0,
          0.0,
          0.0,
          1.0
        ]
      ]
    }
  ]
}