{
  "camera_angle_x": 0.7039522689981077,
  "camera_angle_y": 1.1628702061551186,
  "fl_x": 1470.309707481695,
  "fl_y": 1460.6947683546384,
  "k1": 0.035256067403927775,
  "k2": -0.03665377607612104,
  "k3": 0,
  "k4": 0,
  "p1": -0.0015944844689182557,
  "p2": 0.0018070173554730017,
  "is_fisheye": false,
  "cx": 547.9624093083693,
  "cy": 926.6343525429832,
  "w": 1080.0,
  "h": 1920.0,
  "aabb_scale": 16,
  "frames": [
    {
      "file_path": "./images/0006.jpg",
      "sharpness": 209.77260460433902,
      "transform_matrix": [
        [
          0.4307515497122975,
          0.8226930500417582,
          -0.3709841612403268,
          -1.4053282745254863
        ],
        [
          -0.7787594997985903,
          0.13111190406237677,
          -0.613468263318496,
          -2.411500468252934
        ],
        [
          -0.45605563689611095,
          0.5531598449644703,
          0.6971566839988952,
          2.608961797172944
        ],
        [
          0.0,
          0.0,
          0.0,
          1.0
        ]
      ]
    },
    {
      "file_path": "./images/0009.jpg",
      "sharpness": 200.89123984276392,
      "transform_matrix": [
        [
          0.7367253605188258,
          0.62889816399743,
          -0.24844082302796522,
          -0.8800200253261922
        ],
        [
          -0.5571705529942055,
          0.3564100347065143,
          -0.750021907712739,
          -2.885905982536473
        ],
        [
          -0.38314059836047953,
          0.6909840711095124,
          0.6129798491231728,
          2.2216723433713055
        ],
        [
          0.0,
          0.0,
          0.0,
          1.0
        ]
      ]
    },
    {
      "file_path": "./images/0003.jpg",
      "sharpness": 263.4619133330639,
      "transform_matrix": [
        [
          0.34756204327817064,
          0.8260780194393854,
          -0.4436166497429402,
          -1.7281232448916801
        ],
        [
          -0.8574430497030403,
          0.08854330301219443,
          -0.5069038370539958,
          -1.850027134335671
        ],
        [
          -0.379462834320346,
          0.5565565464066641,
          0.739089147594271,
          2.9412185033048406
        ],
        [
          0.0,
          0.0,
          0.0,
          1.0
        ]
      ]
    },
    {
      "file_path": "./images/0010.jpg",
      "sharpness": 197.45127215892575,
      "transform_matrix": [
        [
          0.8507214318603782,
          0.49545707613370843,
          -0.1754859855948905,
          -0.5418487091674853
        ],
        [
          -0.41563517064103317,
          0.42974383812899136,
          -0.8016031677387423,
          -2.889744711193761
        ],
        [
          -0.32174594071995893,
          0.7548791422103601,
          0.5715216796904112,
          2.1850594368538547
        ],
        [
          0.0,
          0.0,
          0.0,
          1.0
        ]
      ]
    },
    {
      "file_path": "./images/0011.jpg",
      "sharpness": 333.85899775141917,
      "transform_matrix": [
        [
          0.9261798069694968,
          0.3680156518743899,
          -0.08219151534774768,
          -0.2823831385687735
        ],
        [
          -0.2600018160076504,
          0.4653868433471202,
          -0.8460580013950288,
          -3.108659849470592
        ],
        [
          -0.27311173702933045,
          0.8049717796678811,
          0.52671663454396,
          1.9723915386793296
        ],
        [
          0.0,
          0.0,
          0.0,
          1.0
        ]
      ]
    },
    {
      "file_path": "./images/0005.jpg",
      "sharpness": 349.9191737944985,
      "transform_matrix": [
        [
          0.21468902434886106,
          0.8860796850629851,
          -0.410817982323755,
          -1.4946598936610975
        ],
        [
          -0.8947943698715491,
          0.009847603138789518,
          -0.44636986947040036,
          -2.091555100856446
        ],
        [
          -0.39147370090973554,
          0.4634283294006143,
          0.794973285761956,
          2.7492948781569964
        ],
        [
          0.0,
          0.0,
          0.0,
          1.0
        ]
      ]
    },
    {
      "file_path": "./images/0008.jpg",
      "sharpness": 406.1772241957945,
      "transform_matrix": [
        [
          0.6426764454995082,
          0.7065149110253326,
          -0.2963168354257472,
          -1.245150643233699
        ],
        [
          -0.6302041757200955,
          0.2675687253413818,
          -0.7288687633151574,
          -2.923607335629956
        ],
        [
          -0.4356715315106935,
          0.6551668930644783,
          0.6172087644659099,
          2.4082424384757655
        ],
        [
          0.0,
          0.0,
          0.0,
          1.0
        ]
      ]
    },
    {
      "file_path": "./images/0007.jpg",
      "sharpness": 326.6685116028752,
      "transform_matrix": [
        [
          0.597973024474687,
          0.7336042985698167,
          -0.32288232404117045,
          -1.331238365522657
        ],
        [
          -0.6768429686321087,
          0.2464027242645242,
          -0.6936636744854949,
          -2.8015603548712575
        ],
        [
          -0.4293155691036879,
          0.6333327961231769,
          0.6438770935125311,
          2.4373892581750893
        ],
        [
          0.0,
          0.0,
          0.0,
          1.0
        ]
      ]
    },
    {
      "file_path": "./images/0004.jpg",
      "sharpness": 295.7430809853446,
      "transform_matrix": [
        [
          0.30112446033927975,
          0.8573934957082195,
          -0.4173732777267395,
          -1.6372611122674892
        ],
        [
          -0.865449568143714,
          0.061943682428242774,
          -0.49715191362350386,
          -2.030459092005947
        ],
        [
          -0.40040117935014696,
          0.5109201246598509,
          0.7606835885325405,
          2.8300060503899194
        ],
        [
          0.0,
          0.0,
          0.0,
          1.0
        ]
      ]
    },
    {
      "file_path": "./images/0012.jpg",
      "sharpness": 507.38430441094846,
      "transform_matrix": [
        [
          0.9642897704575796,
          0.2648490246562163,
          0.00048248032581255096,
          -0.06597852351559116
        ],
        [
          -0.12954626022857849,
          0.47325279961330446,
          -0.8713492721815876,
          -3.5113424345105377
        ],
        [
          -0.2310043400371467,
          0.8401706861385195,
          0.4906630341769198,
          1.8867812913518829
        ],
        [
          0.0,
          0.0,
          0.0,
          1.0
        ]
      ]
    },
    {
      "file_path": "./images/0002.jpg",
      "sharpness": 443.1271354073641,
      "transform_matrix": [
        [
          0.053654254770558074,
          0.8964706471330405,
          -0.43984269896365147,
          -1.793100355450906
        ],
        [
          -0.9182588286823097,
          -0.12876592106572302,
          -0.37445969226541953,
          -1.3521281458272654
        ],
        [
          -0.392328872906508,
          0.42398079728494215,
          0.816283246849832,
          3.0208185435620583
        ],
        [
          0.0,
          0.0,
          0.0,
          1.0
        ]
      ]
    },
    {
      "file_path": "./images/0001.jpg",
      "sharpness": 651.6777224051772,
      "transform_matrix": [
        [
          -0.06607304068369879,
          0.8976895775994933,
          -0.4356463882804476,
          -1.8322999188203135
        ],
        [
          -0.9260538091249696,
          -0.2177475764394097,
          -0.30823746620474507,
          -1.16703419056571
        ],
        [
          -0.3715625060703252,
          0.38306581065385803,
          0.8456960972246542,
          3.0805242327378966
        ],
        [
          0.0,
          0.0,
          0.0,
          1.0
        ]
      ]
    },
    {
      "file_path": "./images/0015.jpg",
      "sharpness": 269.5637055764196,
      "transform_matrix": [
        [
          0.9803892360926763,
          0.1057472216862127,
          0.16629633464695234,
          0.6389854396121342
        ],
        [
          0.11146637547630918,
          0.39833443181286426,
          -0.9104421604818842,
          -4.097211335999936
        ],
        [
          -0.16251828495110793,
          0.9111241438994915,
          0.37873552979637226,
          1.6071111730501029
        ],
        [
          0.0,
          0.0,
          0.0,
          1.0
        ]
      ]
    },
    {
      "file_path": "./images/0013.jpg",
      "sharpness": 137.3848421856727,
      "transform_matrix": [
        [
          0.9570779268202884,
          0.28983069599384903,
          9.854362364837554e-05,
          -0.10218473286406235
        ],
        [
          -0.13864334206355,
          0.4581260933151158,
          -0.8780082609734964,
          -3.7587604046871226
        ],
        [
          -0.25451889077162076,
          0.8403086637262789,
          0.47864546793750073,
          1.773562941018178
        ],
        [
          0.0,
          0.0,
          0.0,
          1.0
        ]
      ]
    },
    {
      "file_path": "./images/0014.jpg",
      "sharpness": 321.7788000952451,
      "transform_matrix": [
        [
          0.9831271604987952,
          0.168745699999234,
          0.07061072920661819,
          0.2330523226205904
        ],
        [
          0.0019726750143448657,
          0.376209557837181,
          -0.9265325019434905,
          -4.033490447837422
        ],
        [
          -0.1829128068258788,
          0.9110385597667988,
          0.36952895392280855,
          1.6937411082006557
        ],
        [
          0.0,
          0.0,
          0.0,
          1.0
        ]
      ]
    },
    {
      "file_path": "./images/0018.jpg",
      "sharpness": 498.94670764640586,
      "transform_matrix": [
        [
          0.8968810347460162,
          -0.1330528798497892,
          0.4217835235453592,
          1.8366838175410032
        ],
        [
          0.44004841403703837,
          0.36396859413428356,
          -0.8209045351317195,
          -3.435130233887214
        ],
        [
          -0.04429224361278142,
          0.9218588794997231,
          0.38498623808316956,
          1.5140180035279611
        ],
        [
          0.0,
          0.0,
          0.0,
          1.0
        ]
      ]
    },
    {
      "file_path": "./images/0017.jpg",
      "sharpness": 456.33508485681165,
      "transform_matrix": [
        [
          0.9389450180185223,
          -0.005233730519292185,
          0.3440274135309476,
          1.4075789077244378
        ],
        [
          0.3196625576466688,
          0.38313054742649555,
          -0.8666180432462086,
          -3.571455284349907
        ],
        [
          -0.12727176597432638,
          0.9236793771408591,
          0.36141154644064755,
          1.5604522822244857
        ],
        [
          0.0,
          0.0,
          0.0,
          1.0
        ]
      ]
    },
    {
      "file_path": "./images/0016.jpg",
      "sharpness": 445.4696619871872,
      "transform_matrix": [
        [
          0.9616437382808483,
          0.005735088146483755,
          0.27424155310042403,
          0.9689472914174472
        ],
        [
          0.2526822625517225,
          0.37052003249554216,
          -0.8937933652269235,
          -3.829596705342064
        ],
        [
          -0.10673797290071588,
          0.9288067691105518,
          0.3548591141081676,
          1.5803179059389705
        ],
        [
          0.0,
          0.0,
          0.0,
          1.0
        ]
      ]
    },
    {
      "file_path": "./images/0019.jpg",
      "sharpness": 347.5999276217097,
      "transform_matrix": [
        [
          0.9068615271228074,
          -0.07451924465034968,
          0.4147879613235857,
          1.8989746906595395
        ],
        [
          0.411466756115131,
          0.3693037618486291,
          -0.8332525668181083,
          -3.3362236332566813
        ],
        [
          -0.09108940260407361,
          0.9263161521450933,
          0.3655695653066745,
          1.5317535204724404
        ],
        [
          0.0,
          0.0,
          0.0,
          1.0
        ]
      ]
    },
    {
      "file_path": "./images/0020.jpg",
      "sharpness": 268.0249603546842,
      "transform_matrix": [
        [
          0.8770821965364869,
          -0.1826836617421746,
          0.44424486525895557,
          1.9477320977861805
        ],
        [
          0.47999048961649343,
          0.29803928223740683,
          -0.825094974008177,
          -3.260057231399702
        ],
        [
          0.0183289503574455,
          0.9369094225395669,
          0.3490913685635031,
          1.6350501016211008
        ],
        [
          0.0,
          0.0,
          0.0,
          1.0
        ]
      ]
    },
    {
      "file_path": "./images/0021.jpg",
      "sharpness": 278.8356347963128,
      "transform_matrix": [
        [
          0.7852479043543067,
          -0.3008066339921202,
          0.5412033792496549,
          2.2129168083008968
        ],
        [
          0.6113955474488997,
          0.23851020867708728,
          -0.7545252579794108,
          -2.9494994522228457
        ],
        [
          0.09788367219324273,
          0.9233787139482622,
          0.3712014781966642,
          1.5850022204916625
        ],
        [
          0.0,
          0.0,
          0.0,
          1.0
        ]
      ]
    },
    {
      "file_path": "./images/0022.jpg",
      "sharpness": 257.8189843749992,
      "transform_matrix": [
        [
          0.5727164549491187,
          -0.4531707370400106,
          0.6831047836012225,
          2.7535630901954105
        ],
        [
          0.7836934937941638,
          0.05824446865850311,
          -0.6184109391560029,
          -2.6115608048148147
        ],
        [
          0.24045866593199605,
          0.8895188952631294,
          0.3885045238066552,
          1.6707697916187363
        ],
        [
          0.0,
          0.0,
          0.0,
          1.0
        ]
      ]
    },
    {
      "file_path": "./images/0024.jpg",
      "sharpness": 210.14299251876614,
      "transform_matrix": [
        [
          0.554433665090234,
          -0.4549085763723965,
          0.696894180069826,
          2.9722812498860898
        ],
        [
          0.8048958183457006,
          0.08026569477085518,
          -0.5879627027839271,
          -2.237581672725953
        ],
        [
          0.21153258053843282,
          0.8869135276085114,
          0.4106560141845569,
          1.7468561073344113
        ],
        [
          0.0,
          0.0,
          0.0,
          1.0
        ]
      ]
    },
    {
      "file_path": "./images/0023.jpg",
      "sharpness": 200.80578427904956,
      "transform_matrix": [
        [
          0.6276223094185639,
          -0.40314418118337664,
          0.6660067611937874,
          2.951856368792843
        ],
        [
          0.7436898595916491,
          0.0574522183939426,
          -0.666051526050794,
          -2.385549844627151
        ],
        [
          0.23025123119973798,
          0.913331271691055,
          0.33587253348908175,
          1.7630466725705791
        ],
        [
          0.0,
          0.0,
          0.0,
          1.0
        ]
      ]
    },
    {
      "file_path": "./images/0025.jpg",
      "sharpness": 382.74703430044946,
      "transform_matrix": [
        [
          0.4521723929670737,
          -0.5468841660240605,
          0.7045976412452313,
          2.9579673035822074
        ],
        [
          0.8470316517766847,
          0.01581044617306268,
          -0.5313072658007734,
          -1.8637078726965068
        ],
        [
          0.27942352787940516,
          0.8370589816798331,
          0.4703772457578257,
          1.8164136013110526
        ],
        [
          0.0,
          0.0,
          0.0,
          1.0
        ]
      ]
    },
    {
      "file_path": "./images/0026.jpg",
      "sharpness": 373.4863831633838,
      "transform_matrix": [
        [
          0.34442283006316154,
          -0.5797347023463105,
          0.7384311674655011,
          2.9663946925935125
        ],
        [
          0.8792042258317977,
          -0.0766277926553508,
          -0.4702426083254282,
          -1.6529019101369133
        ],
        [
          0.3292003089588898,
          0.8111940928973033,
          0.4833128389563664,
          1.9206156291714127
        ],
        [
          0.0,
          0.0,
          0.0,
          1.0
        ]
      ]
    },
    {
      "file_path": "./images/0029.jpg",
      "sharpness": 349.91507812258055,
      "transform_matrix": [
        [
          0.10529298496278854,
          -0.6099542861365176,
          0.7854101834067745,
          3.06983016247136
        ],
        [
          0.9164088429493263,
          -0.2471673706767363,
          -0.31480648571693964,
          -1.1686649928350255
        ],
        [
          0.3861453352020073,
          0.7529037519832024,
          0.5329425113663909,
          2.1611290818300937
        ],
        [
          0.0,
          0.0,
          0.0,
          1.0
        ]
      ]
    },
    {
      "file_path": "./images/0027.jpg",
      "sharpness": 285.6947473329373,
      "transform_matrix": [
        [
          0.20639237865880408,
          -0.6070893819189498,
          0.7673621494773988,
          3.1041422472528395
        ],
        [
          0.9006891939441126,
          -0.18854702668865617,
          -0.39141920577763634,
          -1.443336094207301
        ],
        [
          0.3823102953841313,
          0.7719407368092064,
          0.5078841767252916,
          2.0253551877844824
        ],
        [
          0.0,
          0.0,
          0.0,
          1.0
        ]
      ]
    },
    {
      "file_path": "./images/0028.jpg",
      "sharpness": 276.19931902661745,
      "transform_matrix": [
        [
          0.11316902558640832,
          -0.6309869060984713,
          0.7674948182482064,
          3.177356150080441
        ],
        [
          0.9124684633165474,
          -0.23967900743463189,
          -0.33159504951116536,
          -1.2176122289963751
        ],
        [
          0.39318453061757286,
          0.7378411060528094,
          0.5486314128556399,
          2.1024914011306333
        ],
        [
          0.0,
          0.0,
          0.0,
          1.0
        ]
      ]
    },
    {
      "file_path": "./images/0031.jpg",
      "sharpness": 197.44324885108026,
      "transform_matrix": [
        [
          -0.25825865690756306,
          -0.5828597712886745,
          0.7704394545993614,
          3.058235903850025
        ],
        [
          0.830484600318669,
          -0.5413752917500219,
          -0.13117973215609,
          -0.6500353827877624
        ],
        [
          0.4935562731916651,
          0.6059598010825582,
          0.6238709199308063,
          2.379933579952481
        ],
        [
          0.0,
          0.0,
          0.0,
          1.0
        ]
      ]
    },
    {
      "file_path": "./images/0032.jpg",
      "sharpness": 186.71939954675992,
      "transform_matrix": [
        [
          -0.2612211463778593,
          -0.5289443957849878,
          0.8074536140921265,
          3.137669537837575
        ],
        [
          0.8469633464714996,
          -0.526870483826612,
          -0.07113777490570444,
          -0.40687176097622313
        ],
        [
          0.46305140368925135,
          0.665300924000336,
          0.5856262273292433,
          2.490398460693309
        ],
        [
          0.0,
          0.0,
          0.0,
          1.0
        ]
      ]
    },
    {
      "file_path": "./images/0030.jpg",
      "sharpness": 306.55934645898157,
      "transform_matrix": [
        [
          0.004569427504938245,
          -0.6364778821881774,
          0.7712814180798571,
          3.0011286318096486
        ],
        [
          0.9089094114713341,
          -0.3189633652915126,
          -0.2686001737772522,
          -1.0642043125543479
        ],
        [
          0.41696858645868323,
          0.702252288807628,
          0.5770432573397465,
          2.1855757436268757
        ],
        [
          0.0,
          0.0,
          0.0,
          1.0
        ]
      ]
    },
    {
      "file_path": "./images/0034.jpg",
      "sharpness": 220.25500890198805,
      "transform_matrix": [
        [
          -0.5086011671443456,
          -0.45311470892019906,
          0.7321283448940619,
          2.9664284789819133
        ],
        [
          0.7207817290539132,
          -0.6891809593847036,
          0.07418425908543441,
          0.13300622009472984
        ],
        [
          0.4709549361648674,
          0.5654349350767123,
          0.6771150436719817,
          2.7276522207760197
        ],
        [
          0.0,
          0.0,
          0.0,
          1.0
        ]
      ]
    },
    {
      "file_path": "./images/0033.jpg",
      "sharpness": 323.67924806397116,
      "transform_matrix": [
        [
          -0.3735390274797894,
          -0.521845547027316,
          0.7669066566766518,
          3.1670246361277843
        ],
        [
          0.807929900519319,
          -0.5892318203068467,
          -0.007425482957157448,
          -0.18475913500351374
        ],
        [
          0.45576076053474146,
          0.6168331111539869,
          0.6417157020137945,
          2.5238522494547775
        ],
        [
          0.0,
          0.0,
          0.0,
          1.0
        ]
      ]
    },
    {
      "file_path": "./images/0036.jpg",
      "sharpness": 493.2461775312174,
      "transform_matrix": [
        [
          -0.5372556363290046,
          -0.40707743629088694,
          0.7386774276727973,
          2.825812070920077
        ],
        [
          0.6603690416370317,
          -0.747840311108358,
          0.06817329345987588,
          0.40485467043078177
        ],
        [
          0.524660947794394,
          0.5244261911496227,
          0.6706027586924744,
          2.90426991953099
        ],
        [
          0.0,
          0.0,
          0.0,
          1.0
        ]
      ]
    },
    {
      "file_path": "./images/0035.jpg",
      "sharpness": 482.089991385039,
      "transform_matrix": [
        [
          -0.5863003760710899,
          -0.4239118594869717,
          0.6903264477498613,
          2.827829708398189
        ],
        [
          0.6574397785383004,
          -0.7468779824763594,
          0.09973072194653881,
          0.34122962722107153
        ],
        [
          0.47331258875715293,
          0.5123202267108975,
          0.71659136102598,
          2.848129819152996
        ],
        [
          0.0,
          0.0,
          0.0,
          1.0
        ]
      ]
    },
    {
      "file_path": "./images/0037.jpg",
      "sharpness": 517.8235479254054,
      "transform_matrix": [
        [
          -0.5716349581402904,
          -0.4174016195351587,
          0.7064059475253025,
          2.8424234733411873
        ],
        [
          0.665679631126778,
          -0.7392518861032067,
          0.10186892366267641,
          0.43938522019677767
        ],
        [
          0.4796916753454982,
          0.5284718884881162,
          0.7004379770916214,
          2.9087138460992383
        ],
        [
          0.0,
          0.0,
          0.0,
          1.0
        ]
      ]
    }
  ]
}